82
6
29
30
91
66
17
93
54
14
36
69
47
5
10
64
27
61
4
55
52
69
7
79
28
38
26
29
47
55
82
63
23
31
104
46
67
52
33
5
16
88
49
70
30
39
55
50
41
7
39
44
3
12
23
29
79
40
40
49
74
78
1
56
76
63
46
71
12
51
70
28
8
4
79
20
46
70
4
4
61
32
47
14
107
75
9
77
39
15
11
35
59
8
32
79
8
50
8
46
14
15
48
51
62
42
61
66
61
46
70
74
51
12
16
47
12
14
8
7
46
37
26
23
15
42
43
12
53
102
23
8
76
41
58
63
33
33
84
32
22
33
29
57
106
49
63
14
59
6
12
24
48
29
87
64
68
16
18
92
4
17
49
74
83
57
10
74
25
81
18
41
13
66
8
12
35
15
32
58
9
27
12
24
61
64
47
7
52
46
11
2
20
9
43
33
108
12
29
29
57
76
7
80
47
54
48
31
26
83
52
29
70
15
12
99
12
87
19
12
37
9
5
52
100
22
91
3
84
27
32
12
38
52
41
48
28
2
9
5
15
7
45
82
21
80
12
4
48
35
16
39
54
76
95
3
41
90
4
63
12
80
49
48
80
51
4
11
20
9
92
29
15
36
20
46
8
22
12
99
44
35
41
17
74
35
6
45
70
11
42
25
33
79
20
62
76
65
75
21
4
91
48
97
33
1
51
40
63
68
20
33
41
35
11
98
77
54
14
32
92
70
34
14
70
68
20
12
63
55
41
60
91
33
90
23
18
84
45
51
69
45
54
84
4
65
32
77
81
41
51
30
105
4
41
28
67
52
4
28
4
51
16
35
15
23
16
37
57
30
84
63
22
71
15
79
35
47
69
41
90
77
16
95
29
46
3
72
33
33
66
45
17
43
50
54
54
41
33
82
12
24
43
63
82
37
55
52
22
54
30
24
22
57
6
49
80
79
103
17
62
62
30
22
12
50
33
79
42
63
38
24
4
43
52
11
14
65
51
16
15
51
63
4
12
6
77
13
61
39
49
44
1
17
37
14
33
54
39
69
38
36
30
63
51
46
13
67
90
39
20
49
47
95
87
3
41
55
37
32
8
51
11
80
48
29
65
26
46
8
28
23
51
72
46
95
2
27
14
63
70
26
40
67
36
8
5
68
16
50
96
7
33
23
14
46
70
36
38
35
74
73
16
38
86
17
21
33
18
41
50
19
29
73
17
21
1
13
35
98
79
6
59
59
7
28
13
5
8
14
3
67
23
86
70
50
61
65
18
86
70
5
7
18
14
19
46
41
73
35
1
83
53
60
37
24
61
46
48
36
18
98
69
13
79
32
41
39
4
41
72
85
29
92
4
68
60
85
51
18
20
45
45
12
20
18
64
76
33
49
62
46
1
50
78
8
30
59
39
70
12
15
20
101
46
90
2
97
14
35
16
22
10
10
48
49
46
41
20
90
81
4
19
30
8
15
101
31
48
44
1
4
7
43
38
83
33
70
24
49
86
26
82
69
14
89
82
46
13
80
68
42
38
20
33
49
14
31
20
74
18
52
86
37
50
56
11
52
53
75
16
33
2
67
51
20
44
4
54
28
12
4
8
58
3
38
55
54
96
42
17
17
20
64
49
62
92
2
20
54
16
22
33
46
94
28
29
34
30
77
14
32
54
63
46
4
18
26
79
33
13
49
78
81
62
12
50
44
5
70
18
77
103
20
55
70
42
18
23
16
36
82
19
15
32
55
25
7
46
44
50
8
77
23
72
13
7
37
50
28
38
59
40
23
58
95
93
81
102
9
28
105
46
80
73
73
28
7
41
96
74
94
86
55
61
42
1
9
2
79
43
57
29
75
23
71
24
69
18
23
40
38
38
20
7
52
8
23
40
92
30
41
54
15
59
14
30
23
8
17
22
11
4
54
19
9
47
43
84
69
60
26
24
13
28
4
69
48
82
48
4
56
37
27
73
63
10
73
28
49
74
20
29
6
30
35
3
48
33
2
77
48
16
30
52
48
23
54
34
22
98
3
42
27
11
12
29
50
17
7
18
27
47
14
36
59
14
23
74
41
8
25
25
44
13
30
22
4
23
28
54
44
22
7
5
8
31
41
54
82
99
33
41
5
33
91
46
6
35
70
35
62
55
55
72
63
35
13
17
34
79
73
36
12
8
4
101
15
36
49
30
8
70
24
75
17
52
54
57
4
36
54
14
33
17
94
96
28
14
28
25
55
13
10
49
45
46
7
52
3
15
56
20
35
50
85
50
51
62
36
