923 929 10
1 451 58 520 485 65 824 480 102 360 
3 825 191 348 336
3 470 669 678 80
2 581 683 482 274
2 144 402 622 252
3 491 523 583 136
2 235 239 814 85
2 432 555 832 117
1 825 680 188
3 120 131 898 273
3 253 374 447 85
1 798 577 444
3 423 455 507 183
2 440 615 315 180
3 897 219 558 332
3 165 221 755 356
2 338 812 202 276
2 407 445 922 153
3 17 158 413 117
2 791 860 151 90
2 332 808 72 153
2 83 221 752 261
3 555 331 477 109
3 818 143 622 247
3 460 62 64 78
2 10 460 718 148
3 490 259 280 55
1 182 920 414
2 744 785 256 271
3 520 744 849 322
2 742 796 559 125
3 221 3 167 168
2 5 576 917 149
2 411 420 664 105
1 894 320 632
3 166 680 688 90
2 488 623 437 176
2 306 547 911 214
2 632 835 466 261
3 226 699 724 167
3 147 716 808 160
2 37 468 600 200
2 338 380 233 66
3 701 279 594 36
1 899 222 382
1 257 847 125
3 494 172 191 152
3 663 757 805 75
3 449 40 244 244
3 682 470 572 39
3 414 518 605 178
3 362 37 126 277
3 544 296 425 145
3 260 291 365 254
1 298 480 207
1 101 484 465
3 347 183 293 289
3 218 339 722 169
3 107 244 517 352
2 433 683 328 123
3 893 593 612 152
3 421 486 708 252
3 205 268 533 235
3 626 520 574 31
2 664 788 557 178
1 693 449 336
3 699 30 580 302
2 622 890 185 207
3 793 262 421 224
2 572 730 367 120
3 326 375 528 65
1 307 659 599
2 448 690 55 300
2 639 679 758 101
3 364 642 839 136
3 764 213 387 334
3 714 166 607 216
3 202 500 722 270
2 396 616 749 172
3 783 640 668 268
3 774 262 316 272
3 775 630 764 229
2 527 722 148 169
1 646 748 475
3 602 121 258 318
3 745 118 174 255
3 607 120 556 205
3 492 586 644 146
2 70 84 771 220
1 728 72 365
2 245 879 196 284
1 142 159 439
3 475 494 703 278
2 775 882 493 136
3 868 177 411 324
3 178 551 791 290
2 4 237 683 139
3 289 58 154 132
3 451 801 812 80
2 196 308 784 180
2 277 364 620 82
2 249 509 666 221
3 784 206 646 180
3 64 411 561 133
3 589 152 313 192
1 350 284 282
1 348 28 452
3 889 84 243 246
3 414 254 339 149
2 512 671 843 288
3 262 359 607 189
3 889 59 814 293
3 137 143 753 317
3 530 60 112 234
3 627 276 455 147
3 804 145 326 227
2 658 817 600 179
3 575 16 253 91
3 66 176 638 285
2 103 261 830 129
2 647 716 178 284
3 671 45 274 282
3 546 198 343 196
2 331 723 288 255
2 255 369 588 198
2 491 884 366 236
2 61 374 458 228
2 624 673 148 169
2 711 752 466 217
2 118 242 375 292
2 484 706 397 152
1 192 732 351
2 345 446 87 77
2 663 762 794 199
3 86 388 545 111
2 385 739 874 228
2 396 461 522 238
3 838 809 837 254
2 144 257 572 215
3 899 99 708 309
2 483 663 775 223
1 418 635 223
2 27 410 828 233
2 744 837 566 356
2 819 878 622 144
2 141 521 917 149
2 194 219 168 198
1 331 230 431
3 689 484 551 201
3 558 50 178 300
2 62 179 30 149
2 324 402 145 78
2 23 438 555 198
2 552 635 873 238
3 365 44 59 105
3 325 383 564 134
2 535 568 297 141
3 171 610 887 312
3 14 347 891 219
2 51 468 694 325
3 666 570 607 193
3 518 331 459 201
3 220 484 820 239
2 516 537 497 73
2 557 916 433 300
3 778 119 306 339
3 592 232 347 216
3 314 197 239 10
3 878 49 569 247
3 913 86 541 222
2 148 434 775 250
2 89 495 579 191
2 222 390 777 298
2 175 239 337 92
3 514 208 398 290
3 819 205 693 251
1 11 879 529
3 908 197 582 201
3 451 156 313 167
2 402 461 45 100
2 440 821 236 144
3 748 113 658 145
2 560 644 737 205
2 745 795 293 200
3 599 170 285 164
2 353 459 880 234
2 845 894 162 273
3 277 336 680 222
3 868 287 319 267
1 713 219 342
2 157 738 29 261
2 657 772 31 246
2 531 591 633 135
2 365 727 64 195
2 364 397 293 102
3 275 279 546 173
3 583 199 487 176
2 377 887 278 201
1 88 668 394
3 684 729 748 184
2 485 651 94 209
2 201 220 566 277
2 104 314 480 295
3 297 623 725 233
2 673 743 298 270
2 424 736 799 211
2 306 649 735 183
3 200 305 684 198
2 641 839 441 438
2 106 144 558 267
2 163 172 651 89
2 737 818 378 130
2 420 489 678 61
3 204 240 637 316
2 327 702 906 320
2 148 497 909 177
2 319 578 845 218
3 769 2 727 64
3 20 696 703 151
3 333 398 488 95
2 229 306 515 273
2 117 433 919 257
2 384 746 919 230
2 419 548 261 148
3 771 38 114 220
3 606 752 798 312
2 415 695 98 182
1 559 194 477
1 452 69 468
3 454 652 740 102
3 413 745 833 312
2 825 899 449 246
3 647 57 427 50
2 239 291 615 272
3 721 440 571 190
3 479 266 463 132
3 366 506 816 236
2 296 499 60 190
2 270 912 187 158
2 113 788 76 259
1 601 716 306
3 874 356 683 228
2 206 536 640 307
3 695 321 644 221
2 70 675 721 295
3 131 448 736 273
3 113 198 224 177
2 371 831 56 185
2 262 375 542 179
1 243 550 305
3 618 276 422 175
2 229 401 62 148
3 72 202 482 174
3 147 673 846 160
2 289 365 67 101
3 679 852 875 205
2 781 852 714 129
3 188 333 459 122
2 528 816 4 205
2 164 488 527 280
3 805 332 394 203
2 89 270 905 296
3 535 662 774 274
2 293 683 160 193
2 183 792 806 281
2 222 382 110 154
2 687 722 594 183
3 630 30 467 257
3 220 360 391 141
3 581 160 276 265
3 533 824 847 148
2 459 524 369 99
3 493 622 692 196
3 562 56 356 159
3 54 299 371 201
2 722 881 391 252
2 455 698 452 142
2 15 187 572 165
2 34 340 686 286
1 815 622 461
2 574 659 878 220
1 670 888 450
3 835 256 831 120
3 98 136 821 209
2 456 560 763 206
2 464 875 394 154
3 40 722 793 154
3 415 40 413 179
3 507 618 902 301
3 257 373 419 286
3 336 363 606 197
1 452 287 439
3 249 680 792 435
2 413 639 341 63
2 200 545 635 291
1 441 76 226
2 57 383 786 158
3 300 195 229 121
2 183 433 444 216
2 711 893 678 129
3 738 303 650 96
2 105 555 790 146
2 381 473 677 246
2 106 213 726 199
3 50 716 808 246
2 193 609 707 125
3 244 798 905 248
3 689 127 484 336
3 719 5 16 77
2 526 588 704 242
2 335 569 855 48
3 807 566 729 169
2 615 832 489 159
2 67 120 409 200
2 211 737 82 198
2 235 863 134 83
3 844 175 788 126
3 526 20 70 249
2 405 483 874 166
3 852 121 266 228
3 779 539 687 192
3 895 31 404 186
3 769 113 765 64
2 186 251 465 151
2 590 768 223 351
3 870 459 511 179
2 99 171 306 177
2 26 234 764 287
2 651 876 301 254
2 443 567 609 171
3 868 511 556 205
1 590 106 221
3 112 429 639 224
2 157 887 54 258
1 434 253 381
2 458 799 914 196
2 90 106 144 234
3 238 295 487 104
2 691 732 217 224
2 549 722 38 180
3 858 451 743 216
2 209 213 255 212
2 515 683 299 205
2 873 907 80 105
3 889 212 452 293
3 361 644 821 198
2 510 885 337 118
3 190 433 897 158
2 242 356 146 259
3 141 285 710 218
3 699 345 504 213
2 199 236 160 166
3 702 501 519 37
3 535 41 303 295
3 98 584 828 188
3 844 404 696 99
1 739 624 326
3 336 168 183 141
3 647 243 418 50
2 391 396 823 130
2 202 380 385 236
2 342 447 463 110
2 422 678 904 353
2 750 775 787 231
3 811 264 599 399
3 453 504 867 271
2 61 195 268 121
1 855 392 370
1 75 712 591
2 234 347 891 139
2 343 631 111 257
2 24 53 702 104
2 278 667 699 275
3 365 388 698 198
3 50 17 44 199
2 768 870 600 136
1 383 7 380
2 159 262 65 169
1 72 18 394
3 734 40 315 236
3 136 675 859 170
2 2 125 284 266
1 755 77 593
3 669 87 209 175
2 412 764 230 124
3 814 206 762 246
3 209 567 661 161
2 558 587 480 204
3 24 446 912 412
2 63 123 418 268
3 904 4 89 330
1 542 840 294
2 329 709 753 179
3 42 244 847 305
2 450 521 267 241
2 351 354 578 35
3 839 65 838 317
3 160 166 601 220
3 677 492 621 307
2 499 501 530 149
3 750 287 729 312
2 473 503 780 237
2 794 823 539 186
2 369 853 204 295
2 113 214 451 120
3 849 319 440 209
3 66 72 480 285
1 274 52 537
3 475 37 94 255
2 151 536 617 220
2 136 574 853 182
1 116 592 269
3 742 92 621 232
3 262 414 700 190
3 837 338 415 77
3 875 41 52 75
2 453 802 441 438
2 317 364 721 204
1 654 395 529
2 466 538 275 125
3 744 336 632 261
2 401 764 779 198
3 861 36 70 29
3 281 385 568 188
2 186 812 55 327
3 688 788 850 225
3 620 72 473 139
2 133 500 544 202
1 502 320 379
2 450 643 247 231
3 865 254 409 372
2 471 571 203 101
1 14 137 288
3 138 246 768 146
3 782 52 285 252
3 529 198 506 139
3 709 4 513 279
3 181 769 835 188
3 202 299 367 240
2 600 817 558 329
3 39 56 521 315
2 767 781 698 215
1 895 768 412
3 606 654 812 312
3 259 150 223 36
3 361 68 179 169
2 91 418 505 225
2 61 435 510 263
3 370 539 681 218
2 472 503 153 79
3 335 108 252 277
1 436 87 454
3 313 520 592 80
2 161 577 610 321
2 799 867 664 164
1 899 773 242
3 185 589 865 207
3 743 874 918 255
3 348 476 500 94
1 365 707 495
1 680 383 194
2 622 661 717 250
3 104 250 682 292
2 121 655 716 314
2 702 767 221 197
3 86 305 574 143
3 355 512 529 87
3 529 540 679 112
3 205 328 720 265
2 30 146 826 134
2 396 427 527 169
2 718 827 441 438
2 427 641 34 255
3 143 171 538 207
3 854 236 718 194
2 789 846 532 135
2 488 576 618 141
3 331 107 229 222
3 883 126 419 212
1 897 511 209
2 35 71 233 55
2 494 856 907 279
3 169 661 765 197
1 400 811 280
2 222 523 211 344
3 597 139 366 309
3 877 552 747 248
2 332 833 289 161
3 424 386 406 82
3 498 692 890 209
2 336 477 606 244
2 123 388 393 142
1 482 245 358
1 850 444 437
1 633 848 450
2 147 586 678 150
3 26 63 107 30
2 93 181 627 121
3 325 124 126 63
2 480 802 458 207
3 360 469 741 127
3 430 475 892 351
3 637 197 557 219
2 345 423 431 21
2 588 845 351 138
3 441 67 326 459
2 271 493 552 118
3 456 477 500 62
2 255 320 61 183
2 236 666 818 247
2 80 276 427 196
2 255 371 160 163
3 768 661 755 246
2 598 619 889 265
2 101 788 867 244
2 350 535 298 274
3 136 590 690 164
1 106 309 240
3 566 411 506 288
1 803 408 357
2 346 371 201 124
3 70 364 678 75
2 358 720 260 284
3 764 529 565 215
3 657 21 169 134
2 141 311 783 295
2 220 356 410 168
3 767 339 747 158
2 392 409 631 81
3 761 849 883 127
2 513 780 150 292
2 122 171 750 256
2 709 904 84 145
2 271 742 121 257
3 14 251 829 219
2 78 554 881 145
3 448 51 160 116
1 534 119 339
2 24 388 581 265
3 388 740 873 255
2 203 384 775 250
2 718 862 625 306
3 470 91 370 196
3 888 61 775 209
2 385 860 348 178
3 677 240 277 335
2 368 868 354 206
2 535 651 293 193
3 430 903 904 59
2 27 146 542 186
3 22 717 777 213
3 589 602 840 171
3 775 580 637 222
2 198 809 151 177
3 414 697 753 141
2 169 218 148 149
3 888 342 566 120
3 724 311 620 264
3 265 348 511 178
2 135 294 644 264
2 287 427 652 167
1 295 428 537
2 39 126 478 156
3 288 4 56 214
3 851 117 215 145
2 288 365 468 116
1 105 185 272
1 3 568 326
2 335 581 119 264
2 637 788 486 223
3 343 514 873 225
3 778 100 447 339
2 15 335 677 335
3 454 321 416 38
2 171 618 733 183
3 665 109 417 126
3 198 259 786 26
2 132 325 347 289
3 694 57 366 325
3 473 566 707 229
3 915 228 618 261
3 90 358 474 229
3 720 206 473 316
2 179 285 123 343
3 596 41 577 155
3 154 386 820 126
3 837 411 758 147
3 48 201 900 314
2 61 140 635 241
2 119 403 601 179
3 338 191 295 151
3 332 410 837 155
2 570 772 563 147
2 470 767 431 111
2 220 443 821 127
1 525 658 348
3 501 598 653 107
3 766 584 725 172
3 311 710 728 171
3 571 598 786 313
2 88 209 404 64
3 130 579 630 125
3 6 389 851 164
1 267 356 279
2 347 542 129 193
3 823 101 628 272
2 519 804 19 321
2 165 562 741 113
2 335 620 644 236
2 597 907 389 245
3 130 236 649 153
3 819 356 516 162
1 749 858 439
2 232 637 756 287
2 459 565 380 137
2 528 529 43 77
2 320 807 214 285
2 340 413 632 26
3 584 39 556 204
1 499 70 443
3 635 302 407 234
3 848 549 609 141
3 387 617 652 274
2 555 781 201 250
3 919 136 615 257
3 792 24 523 179
3 156 270 916 182
1 814 518 329
3 667 2 75 211
2 227 464 211 344
2 738 775 636 253
3 642 80 613 181
2 221 465 573 196
3 389 515 582 175
2 294 381 491 170
3 180 532 689 296
2 317 457 483 203
2 36 240 444 169
2 234 473 605 298
3 138 394 426 35
3 281 384 782 256
3 496 28 32 158
3 713 345 671 215
2 245 328 872 328
3 684 82 260 249
1 901 609 388
3 655 486 512 66
3 118 681 903 290
3 726 244 533 246
2 153 291 529 139
3 312 328 391 146
2 64 449 23 229
2 171 234 54 211
2 646 908 373 251
1 715 639 397
3 226 475 917 239
2 79 472 728 343
2 69 629 832 222
3 403 433 577 86
3 548 61 165 132
3 361 448 785 198
2 167 513 657 184
2 88 166 384 208
3 422 769 830 204
3 350 544 740 240
3 682 371 505 55
2 778 788 530 126
1 392 671 262
3 628 552 587 57
1 214 667 298
3 205 217 843 292
2 461 496 524 75
3 386 735 804 181
1 507 617 340
2 252 406 33 169
3 414 553 902 185
3 573 42 357 196
2 466 893 923 182
2 601 736 797 152
3 335 147 287 277
2 341 382 863 185
1 44 403 436
3 271 309 564 225
2 260 582 678 93
2 235 656 849 298
1 65 206 422
3 65 202 420 169
2 376 752 371 204
3 429 452 739 196
2 401 447 648 26
2 169 522 540 299
2 655 768 409 229
3 216 218 829 331
1 776 226 456
2 423 874 282 170
3 167 71 103 172
3 923 605 784 182
3 769 191 306 64
1 147 512 383
1 857 732 446
2 294 414 683 129
2 392 732 256 265
2 705 812 45 168
2 30 363 549 273
3 203 318 659 179
2 211 406 882 299
2 472 606 347 261
3 857 348 616 160
2 323 354 523 153
2 293 445 272 87
2 628 833 317 221
3 906 121 124 187
3 237 589 915 293
3 164 612 885 151
3 716 171 536 314
3 89 30 80 131
2 678 804 896 256
3 442 1 171 130
3 107 206 576 352
3 780 617 748 315
2 402 804 95 234
1 791 603 597
3 142 385 612 102
3 774 444 686 302
3 874 523 760 234
3 374 77 176 206
2 518 764 346 227
2 77 288 706 434
2 559 783 315 187
2 238 391 782 252
2 759 804 132 131
1 424 235 364
2 74 260 389 266
1 664 488 410
2 578 769 203 185
3 476 319 424 14
2 605 778 832 201
2 546 605 726 218
1 802 441 260
1 488 693 443
3 612 304 358 50
3 289 298 499 125
2 509 529 31 132
3 897 780 782 80
2 237 663 821 127
3 715 444 575 228
3 198 280 696 20
2 365 603 314 29
2 237 857 45 189
2 78 416 765 196
2 318 908 220 239
3 654 396 536 24
1 740 492 525
3 571 74 532 334
1 786 407 528
3 1 157 206 438
2 542 728 527 253
1 207 365 353
2 174 198 366 210
1 187 913 444
2 284 540 83 148
2 436 453 352 42
2 448 775 791 236
2 275 509 153 127
2 489 569 671 163
3 537 739 895 140
2 257 381 109 217
2 280 677 239 180
2 49 571 22 234
2 16 481 758 128
3 509 643 850 216
3 238 578 675 134
3 823 312 752 245
2 754 801 716 293
2 69 171 590 273
2 200 557 657 184
2 679 811 896 256
3 273 439 496 75
3 285 457 863 133
3 542 63 478 236
2 117 242 751 253
3 60 276 862 226
3 538 18 477 333
2 136 386 699 302
3 628 722 853 127
3 758 183 629 128
3 577 206 480 253
1 879 77 408
2 551 597 304 75
3 430 33 316 372
2 123 275 411 250
3 872 202 597 328
3 735 33 480 211
3 415 426 546 90
3 411 96 180 167
3 844 540 668 99
1 86 523 438
2 384 866 217 296
2 327 856 140 307
2 91 383 463 199
2 160 395 826 184
3 863 19 272 276
3 297 449 507 155
2 63 622 769 64
2 685 761 315 187
3 125 424 549 171
3 750 179 387 339
2 39 99 455 252
1 880 77 254
3 904 410 730 353
2 68 103 457 254
2 206 417 803 150
3 409 446 498 145
2 580 851 10 200
3 373 653 769 251
3 852 138 264 228
3 203 381 860 185
3 229 635 778 153
3 772 130 500 322
2 522 660 386 175
3 640 250 301 307
3 659 726 790 6
2 739 849 677 314
3 84 266 340 109
2 386 536 370 156
3 441 128 196 376
2 560 593 491 136
1 603 836 552
2 225 484 40 175
1 259 473 526
3 640 399 438 218
3 481 461 461 18
2 336 481 577 164
2 313 618 912 220
3 56 564 845 185
2 52 336 751 300
1 49 76 261
3 518 275 391 233
2 525 690 74 185
3 344 33 46 23
2 664 770 376 240
3 393 82 218 95
2 825 905 416 101
2 524 531 653 102
3 252 343 520 165
3 523 769 779 180
3 744 512 633 261
1 469 713 356
2 250 810 69 208
1 414 715 340
2 288 368 506 270
2 745 906 553 188
2 269 662 848 142
3 647 53 574 50
3 262 112 239 170
1 301 713 348
3 651 32 154 211
3 394 688 827 154
2 265 851 155 225
3 602 36 369 318
2 534 691 214 279
2 405 427 239 61
2 562 738 561 94
2 162 564 796 147
3 198 591 695 20
2 720 808 133 360
2 318 744 83 178
3 336 494 660 198
2 143 222 233 110
3 66 201 708 285
1 118 814 325
2 255 876 113 203
2 429 538 853 77
3 437 273 365 147
2 187 272 526 317
1 759 685 400
3 245 414 658 178
2 30 180 829 198
3 878 136 342 247
2 120 225 699 255
2 27 105 467 164
3 329 735 833 191
3 422 481 693 241
2 233 889 180 323
3 20 615 886 223
1 353 43 383
1 279 176 275
1 261 564 279
3 64 500 762 201
2 55 248 625 280
2 382 466 548 93
3 305 368 782 386
3 850 175 764 229
3 681 376 647 287
2 569 573 122 75
3 871 375 765 204
3 56 189 558 206
3 296 360 447 138
2 150 247 837 121
2 511 619 371 203
2 65 432 655 201
3 357 623 911 203
3 631 94 497 192
3 768 111 655 267
2 456 759 10 200
2 86 232 424 146
2 6 65 69 140
2 93 370 406 304
2 442 621 622 224
2 549 553 641 64
3 392 68 390 321
1 582 65 495
2 549 638 520 315
3 668 681 701 85
2 345 539 919 168
2 207 745 770 283
3 468 641 707 146
1 768 229 441
3 74 543 603 184
2 538 702 784 153
1 898 461 552
2 493 920 425 148
3 442 8 275 180
3 45 65 94 139
1 104 433 235
2 214 411 158 300
2 158 354 848 169
3 253 522 545 35
2 82 340 766 199
2 218 891 104 292
