950 968 10
411 675 882 256 292 609 890 193 4 481 
3 71 100 469 237
2 554 841 298 355
2 544 918 315 310
3 697 348 440 86
1 85 655 272
3 575 86 99 110
1 586 704 225
1 590 605 264
1 94 250 480
2 320 577 758 254
3 489 319 359 224
2 8 525 579 246
3 555 114 343 298
2 195 720 114 251
3 52 551 852 401
3 647 14 600 197
3 186 466 558 346
3 785 27 753 336
3 247 563 710 334
2 782 907 676 294
2 50 350 485 266
3 853 33 242 245
3 627 379 607 262
2 407 495 601 179
2 202 547 789 301
3 262 356 454 320
2 56 106 616 141
3 164 181 744 382
1 668 834 395
3 793 550 656 238
3 729 416 639 318
3 466 617 852 307
3 849 359 586 128
3 840 200 553 120
3 645 97 254 180
3 78 593 867 240
3 111 392 640 261
1 90 739 272
3 278 343 580 229
3 217 366 486 170
3 178 628 672 266
3 806 353 444 410
1 858 457 437
2 449 755 924 167
2 610 833 77 426
3 720 71 215 236
2 59 159 651 405
1 417 117 301
3 201 273 941 408
1 767 941 410
2 371 462 684 282
2 306 497 593 233
2 612 788 182 212
3 111 63 92 208
2 144 259 299 287
3 280 561 821 335
2 207 531 56 232
3 629 589 625 311
2 520 582 333 39
1 532 413 445
2 74 536 543 173
3 567 889 941 182
3 23 451 523 175
1 690 606 328
2 773 845 143 227
2 366 698 736 384
3 483 276 345 334
3 345 613 630 49
1 485 473 434
2 380 506 643 260
2 269 341 56 173
2 873 912 549 185
3 632 5 274 130
3 724 461 550 276
2 40 103 363 42
2 428 438 791 162
3 94 152 750 202
2 297 912 45 364
1 291 403 514
2 190 405 597 249
3 254 403 810 282
3 907 255 883 233
3 728 515 723 365
2 304 669 283 397
3 672 126 339 259
2 861 904 482 9
1 74 75 267
3 809 419 605 175
3 606 311 591 316
2 88 488 686 251
3 140 626 813 303
2 427 584 232 155
3 656 687 911 353
3 826 277 676 132
2 321 599 711 266
3 941 1 817 187
3 691 143 501 298
3 245 777 810 354
1 484 928 580
2 492 671 347 312
2 169 354 134 301
3 235 259 652 158
3 48 136 673 276
2 391 689 387 110
3 686 125 492 251
3 435 564 726 208
2 91 507 533 353
2 614 785 380 91
2 189 769 2 105
3 537 263 435 242
3 278 525 872 262
1 180 286 375
3 291 557 860 362
3 472 761 892 246
1 331 538 304
3 220 320 632 198
2 668 690 570 50
2 651 845 284 220
3 563 289 331 178
2 74 281 317 258
2 369 841 133 233
3 203 396 493 221
3 908 282 864 257
3 442 775 912 342
3 940 60 854 258
2 69 496 502 233
3 124 346 589 79
2 42 577 922 288
3 940 205 296 249
2 415 497 774 214
2 184 859 79 334
2 115 515 604 307
1 22 888 389
2 346 587 90 370
2 256 496 576 150
3 478 154 390 285
3 319 706 835 222
3 442 217 373 334
2 347 496 671 436
2 422 556 676 227
1 515 664 591
3 625 80 523 325
2 595 945 11 225
3 905 78 723 314
3 30 638 651 199
2 501 825 418 244
2 30 85 768 156
2 123 435 61 346
3 130 356 390 314
3 200 113 136 25
2 399 422 234 136
2 209 431 499 343
3 140 240 699 303
3 285 299 574 111
2 296 449 233 233
2 779 811 772 89
2 619 673 861 372
3 941 676 724 85
1 592 232 465
2 476 484 267 9
2 149 208 739 280
3 258 595 786 325
2 492 828 297 390
2 23 151 755 232
3 517 14 355 238
3 882 122 625 283
2 230 316 486 453
1 443 338 419
2 172 508 660 336
2 4 334 714 322
2 427 680 809 243
3 294 114 220 302
3 92 245 854 331
3 638 150 377 250
1 132 199 413
3 744 390 673 237
2 431 596 96 222
1 433 623 462
2 220 332 455 321
3 155 190 851 366
2 146 168 280 285
3 750 332 439 221
2 577 718 559 355
3 495 741 875 200
2 99 532 92 322
3 183 349 437 161
3 22 190 765 225
2 401 903 379 226
3 479 117 411 281
2 511 781 371 33
1 751 598 209
3 524 566 900 346
3 871 59 100 326
3 622 110 262 251
3 355 111 134 261
2 543 870 156 166
2 822 889 722 114
2 454 522 172 106
3 58 382 595 280
3 881 367 601 357
2 214 296 923 289
3 604 628 680 316
2 159 439 638 250
2 310 404 604 283
3 907 356 845 233
2 140 327 527 275
2 299 575 823 298
2 568 606 413 96
3 616 15 80 217
1 336 526 476
2 304 475 484 262
2 637 652 464 189
3 924 49 311 158
2 262 515 936 136
2 544 800 361 42
2 246 649 728 332
1 230 828 502
3 461 390 403 208
2 637 642 597 183
2 887 916 293 166
2 476 485 341 352
3 858 240 433 222
2 453 706 172 210
3 650 263 636 183
3 176 670 843 89
3 353 600 778 331
3 449 158 269 348
2 115 846 903 506
2 12 469 545 102
2 449 656 200 44
3 370 415 418 68
3 211 407 664 342
3 569 579 629 110
2 652 759 402 179
3 276 66 112 139
3 400 272 380 279
2 499 619 380 23
2 392 644 887 374
2 377 603 328 32
2 113 558 746 324
2 523 694 521 486
3 339 511 874 370
2 431 876 217 203
2 391 439 791 259
2 581 835 282 154
1 69 174 253
2 36 441 753 325
3 846 70 453 238
3 689 258 260 224
3 822 848 909 21
3 683 13 274 275
1 142 686 381
3 917 35 791 247
3 857 309 855 419
2 812 887 713 255
1 98 226 309
2 1 596 614 360
3 511 181 204 300
3 420 747 789 234
3 766 566 732 301
3 289 694 907 131
3 389 904 934 182
2 248 419 730 120
2 326 552 923 265
2 409 616 914 118
3 392 552 817 311
2 281 584 77 393
2 773 833 352 317
2 321 752 107 281
3 552 125 298 359
3 130 510 922 347
2 589 786 871 426
3 52 574 679 401
3 529 86 418 163
3 353 718 734 229
1 432 205 297
3 9 89 708 314
3 883 626 658 268
3 733 551 664 329
2 116 334 681 113
1 415 273 424
2 432 658 231 265
2 63 237 299 277
2 663 851 510 259
2 756 901 940 257
3 594 21 95 390
1 782 151 423
3 133 304 645 200
1 865 410 430
2 55 552 702 475
2 245 597 723 223
3 774 352 742 300
2 558 807 297 390
2 508 601 112 259
3 725 156 464 113
3 166 583 832 290
3 461 636 824 337
3 747 174 372 276
2 268 618 654 182
2 157 428 605 336
3 382 439 611 109
3 839 677 816 109
3 786 95 144 227
2 684 925 9 313
2 157 480 608 112
1 158 343 337
1 916 503 394
2 828 909 943 167
2 505 518 601 161
3 122 550 584 229
3 444 30 157 333
3 935 39 149 142
2 190 228 875 337
3 249 129 173 119
3 536 729 889 237
2 122 688 918 209
2 637 936 312 86
2 707 780 702 412
3 154 408 807 398
3 651 42 371 446
2 632 812 127 305
2 739 851 244 156
3 406 861 912 50
2 82 357 465 286
3 309 649 691 224
3 431 455 881 309
1 868 398 345
3 926 286 875 318
3 469 492 761 273
2 114 351 649 293
3 614 302 414 336
2 702 702 521 2
3 853 21 104 230
3 261 382 890 317
3 564 605 654 145
2 2 342 933 309
3 845 741 762 116
3 713 88 218 206
2 636 705 713 256
3 323 545 559 172
2 362 369 669 158
3 71 215 685 246
3 470 62 295 306
1 65 677 580
3 643 163 289 298
2 421 602 119 35
2 485 542 708 42
3 891 339 742 98
2 456 656 233 198
3 436 516 781 215
3 535 272 308 96
3 513 832 840 156
3 185 616 623 103
1 561 85 487
3 78 459 699 240
3 81 125 662 173
3 467 324 346 205
1 795 2 525
2 729 858 646 159
1 525 614 412
2 219 282 457 286
2 387 901 222 248
1 681 759 445
3 436 59 187 165
2 346 922 314 238
3 649 57 268 293
1 832 140 412
2 398 485 795 179
3 275 550 803 430
3 719 63 512 295
2 107 153 602 134
3 628 638 829 195
3 766 372 718 301
3 493 544 890 389
3 51 219 821 343
3 846 461 617 179
2 196 476 24 177
1 719 619 275
2 262 311 67 274
2 589 844 586 318
2 548 922 65 307
3 385 22 220 303
3 816 138 504 152
3 770 58 144 135
3 769 368 764 288
3 750 611 680 254
2 251 530 811 342
2 655 820 523 340
1 720 758 390
2 374 681 295 114
2 354 429 430 310
3 413 863 940 142
1 489 220 363
2 237 531 179 76
2 400 432 330 280
3 246 297 824 361
2 109 810 889 128
2 314 373 596 129
3 733 573 704 329
3 78 313 450 207
1 261 403 494
3 81 136 662 173
2 117 868 103 442
2 268 544 196 297
2 683 838 483 412
3 944 218 698 283
1 736 754 169
2 560 898 56 241
3 756 21 99 286
3 163 526 784 357
1 643 209 343
1 274 697 452
3 403 625 880 129
3 429 55 292 391
2 424 767 830 359
3 881 114 503 381
2 299 472 757 230
3 445 471 554 18
2 602 763 814 132
2 122 256 48 267
2 843 875 236 222
2 208 777 123 335
3 875 227 795 356
3 541 274 385 77
3 792 54 445 328
2 316 772 836 453
3 437 619 697 289
3 902 51 243 397
2 238 502 84 173
2 646 696 408 227
3 695 494 638 311
2 95 313 703 260
3 854 525 851 360
3 682 791 878 343
3 316 833 908 212
2 561 564 481 209
3 828 30 207 45
2 227 341 574 135
2 738 891 509 103
2 2 180 697 95
2 157 208 288 231
2 720 893 548 358
1 327 219 273
2 430 570 231 265
1 430 800 359
2 527 657 498 131
3 227 466 531 157
2 139 262 515 256
2 828 867 267 47
2 307 515 79 301
1 190 712 287
3 127 270 619 272
1 494 270 532
2 161 573 934 318
3 927 742 804 255
2 105 107 421 139
2 114 300 742 367
2 631 936 470 315
1 902 784 187
3 636 709 860 95
1 688 416 408
2 766 787 276 167
2 63 116 796 68
3 471 662 901 147
1 849 400 532
2 23 59 832 178
3 226 631 881 373
3 711 374 500 252
3 527 242 410 251
3 432 523 691 320
3 161 121 122 61
2 475 777 283 397
3 646 60 247 151
3 113 763 817 251
2 129 211 645 139
2 76 208 304 363
3 317 612 649 192
3 731 308 510 298
2 601 858 442 343
2 320 779 138 214
3 191 64 99 127
2 273 391 594 381
2 25 557 710 356
2 29 200 657 456
2 189 550 648 322
3 202 634 897 213
3 10 259 374 188
3 898 196 212 139
2 429 743 838 311
3 682 326 514 311
2 321 705 799 286
3 935 488 747 166
3 667 194 619 183
3 349 559 658 198
3 778 294 775 186
2 893 946 224 337
3 50 299 311 90
2 543 744 3 169
3 932 51 269 173
3 281 295 500 105
3 144 541 907 253
3 351 61 73 42
3 462 155 186 270
3 711 91 461 290
2 570 775 412 350
2 335 463 78 207
2 13 455 585 173
2 68 81 470 215
1 633 801 224
2 11 53 435 184
2 458 474 45 218
2 51 476 659 358
3 69 199 691 292
3 517 53 160 197
2 653 726 647 206
2 3 375 739 321
3 776 74 272 182
2 3 693 831 459
3 648 194 526 322
3 426 561 685 321
2 870 903 928 32
2 815 816 273 28
3 748 314 585 119
2 341 465 261 284
3 853 143 372 245
2 731 883 10 220
3 309 417 648 156
2 453 501 436 108
2 225 427 734 286
2 262 799 859 275
1 691 81 428
2 76 484 808 402
2 13 558 691 298
1 664 97 651
2 331 447 281 105
2 517 879 361 42
3 344 78 312 256
3 896 113 487 231
3 573 12 485 181
3 474 46 145 93
3 929 310 648 93
3 753 643 647 174
2 407 676 377 175
2 558 658 517 172
1 88 179 484
2 429 490 549 197
1 570 8 597
3 367 566 923 216
3 410 95 173 248
2 680 812 662 100
2 36 694 931 370
2 295 693 267 116
2 32 313 570 143
2 545 849 220 231
3 153 301 492 237
2 154 707 815 307
3 800 803 809 19
3 264 498 746 210
2 363 778 280 335
3 615 93 475 435
3 743 259 530 55
3 814 516 618 64
3 651 2 613 446
1 222 872 497
2 448 696 339 370
2 634 866 927 327
1 845 279 446
2 485 561 653 292
2 707 751 428 127
3 925 523 584 133
2 202 862 906 263
3 508 40 72 268
2 72 237 653 341
2 855 898 538 276
3 399 432 837 273
1 615 933 243
2 234 525 808 402
2 657 794 642 75
3 658 63 623 169
2 334 607 891 65
2 295 308 863 44
3 286 714 777 132
3 342 400 931 359
2 59 266 395 126
3 438 779 781 72
1 23 663 469
1 507 221 494
2 37 308 720 277
2 400 421 648 284
2 495 736 755 256
2 115 724 766 301
3 555 657 858 307
2 167 502 610 451
3 682 155 527 335
3 717 130 591 128
3 432 494 713 320
2 127 241 525 215
1 354 690 526
1 643 282 502
3 772 380 754 161
2 482 606 411 173
3 238 255 746 307
3 865 503 718 235
2 164 736 850 378
1 122 63 320
3 583 650 798 426
3 815 368 528 274
3 877 307 720 224
2 355 485 606 316
1 804 811 411
3 731 216 464 322
3 696 292 676 186
3 658 921 924 11
2 574 834 248 277
3 100 560 729 337
3 38 582 835 344
3 617 155 544 284
3 506 131 481 393
3 504 773 805 283
2 121 496 619 417
1 514 731 416
2 314 584 64 233
2 118 239 830 340
2 540 554 345 99
2 334 636 895 110
2 638 751 578 289
2 357 788 189 127
1 346 830 274
2 105 545 720 277
2 735 924 699 387
3 576 65 401 174
2 536 638 412 254
2 702 739 596 60
3 782 189 189 45
2 35 278 625 325
3 888 465 474 95
3 769 256 534 255
2 593 649 525 149
2 504 900 327 372
2 252 581 788 430
3 680 150 595 181
2 331 473 529 139
2 310 500 26 218
3 592 668 852 147
3 154 685 761 310
2 253 541 252 355
1 137 659 443
2 708 822 674 360
2 72 158 791 256
2 278 731 33 171
3 203 341 572 235
2 496 635 415 259
2 313 601 85 259
1 895 131 606
3 432 455 535 252
2 275 446 823 298
2 10 145 274 322
2 263 342 521 418
2 168 218 472 162
3 180 613 940 287
1 329 451 313
2 425 628 82 275
3 200 434 933 112
2 57 147 881 303
2 28 275 293 255
3 96 561 653 215
3 676 207 445 286
3 188 655 781 312
3 26 378 697 251
1 69 63 389
3 361 119 352 33
3 416 551 605 155
3 141 423 502 306
3 597 280 436 225
2 406 547 40 126
2 542 550 610 349
2 69 178 927 277
3 434 775 806 164
2 79 335 667 183
2 320 445 800 205
3 328 506 825 79
2 476 650 80 220
2 464 576 750 186
2 678 681 699 276
2 565 584 297 246
1 224 414 328
2 27 165 268 247
2 197 278 383 49
3 431 58 337 300
2 109 196 635 253
3 281 232 261 129
3 86 495 626 266
1 166 99 349
3 634 311 415 243
3 486 215 300 453
1 646 669 513
1 254 905 367
3 872 318 860 111
2 107 154 355 298
2 143 545 32 115
2 435 493 390 120
3 105 119 383 275
2 514 785 346 372
2 85 109 871 262
2 216 570 647 197
3 232 428 542 155
2 241 641 6 366
3 669 383 387 166
3 389 482 605 240
2 241 339 391 298
2 404 489 129 181
2 146 606 61 346
1 794 294 343
2 319 570 246 328
2 458 520 576 79
3 310 422 683 364
3 36 184 905 242
3 920 270 282 167
3 950 89 805 242
1 246 330 275
2 250 333 772 93
3 855 428 444 215
2 14 87 757 239
2 544 945 424 234
3 436 15 276 206
1 491 366 348
3 10 163 370 212
2 807 887 456 329
1 311 398 245
1 60 245 391
3 512 229 382 283
2 539 666 704 462
3 183 447 869 194
2 536 540 456 155
3 770 280 622 189
3 765 15 369 317
2 35 41 194 166
3 91 553 891 164
2 668 856 327 371
3 299 372 674 296
2 176 420 937 300
2 392 444 350 243
1 422 821 371
2 279 540 717 104
2 530 684 938 334
3 746 215 246 324
3 5 163 602 285
3 163 4 11 230
1 8 748 551
2 327 456 227 192
2 513 517 416 152
2 180 751 783 290
2 144 240 507 266
2 14 215 773 324
2 417 758 799 286
2 662 763 504 355
2 622 758 442 343
3 917 465 761 247
3 270 755 844 67
2 834 853 461 208
2 66 641 703 260
2 456 668 177 478
2 33 726 841 205
3 111 632 715 308
2 9 259 474 170
3 831 90 295 450
3 920 324 840 235
3 173 451 492 36
2 543 635 200 1
2 422 754 408 227
2 120 417 463 213
2 418 489 540 89
3 850 422 425 149
2 228 308 62 285
2 23 249 874 201
3 103 119 350 433
1 457 781 334
3 351 424 666 222
2 660 892 250 281
2 428 453 785 250
2 211 373 408 218
2 128 582 658 169
3 85 689 782 220
2 13 650 817 255
3 591 80 416 219
1 450 704 159
1 608 169 510
1 698 97 261
3 746 64 438 324
2 193 576 729 377
2 66 94 749 79
3 911 445 833 419
2 704 887 576 182
3 565 770 872 174
3 703 319 409 236
1 828 638 635
2 755 865 262 352
2 416 418 838 67
2 435 601 237 141
3 300 161 297 213
2 99 244 904 184
3 938 125 146 247
2 456 913 397 290
3 239 540 854 381
1 862 59 226
2 920 940 866 321
3 687 509 579 272
2 586 637 487 334
1 790 36 374
1 700 783 310
2 324 703 310 364
2 485 847 390 206
2 201 522 829 165
3 107 262 659 248
3 880 276 629 189
3 246 625 907 361
1 186 19 156
2 504 725 435 208
2 213 543 556 370
3 490 84 411 312
3 687 232 388 331
3 689 119 261 421
2 545 897 139 261
3 215 226 238 186
3 150 887 941 82
1 817 160 306
3 670 22 489 347
3 138 19 94 190
3 728 283 568 332
3 502 557 564 110
3 490 267 348 253
3 420 764 857 305
1 99 672 394
1 418 586 443
1 300 347 383
3 716 632 650 187
3 366 86 135 155
2 616 899 280 335
2 530 605 367 106
3 302 309 454 145
2 285 292 624 262
3 212 415 885 286
2 685 807 667 120
3 675 737 862 373
2 236 499 556 370
2 202 685 896 240
2 80 698 806 443
2 613 904 611 312
2 230 865 87 385
2 565 923 48 276
2 409 457 628 109
2 7 20 819 126
1 313 209 345
2 97 397 738 239
2 39 159 192 281
2 660 762 360 352
2 328 640 678 189
3 433 474 516 42
3 35 368 444 254
2 572 797 267 116
2 476 746 385 327
1 650 38 386
3 218 371 697 225
3 443 519 615 216
3 626 46 202 297
2 91 171 515 215
2 498 773 331 239
3 878 353 512 237
3 554 180 512 323
3 652 307 456 371
2 619 627 180 127
2 429 670 267 116
2 709 765 786 226
3 161 207 224 372
2 196 828 914 186
2 133 669 771 313
2 32 347 8 205
3 739 163 485 321
2 585 841 462 355
2 862 871 74 151
2 596 629 930 123
1 687 515 335
2 382 573 580 376
2 319 471 694 274
2 200 654 823 322
2 305 693 130 347
3 497 137 287 258
3 358 11 168 407
2 729 936 711 298
2 833 922 300 124
1 663 195 438
2 469 629 410 230
3 226 320 695 373
2 208 808 70 426
2 478 926 159 356
2 34 632 752 314
1 277 562 470
2 456 492 441 60
2 31 65 882 268
2 442 710 355 348
1 136 531 318
3 434 529 773 236
2 300 406 232 190
3 124 442 932 112
3 578 172 274 280
1 574 591 464
3 399 84 290 264
2 402 681 118 257
2 598 742 818 1
2 382 502 690 216
2 56 632 811 366
3 867 272 666 359
2 65 78 265 274
3 815 99 577 298
1 548 746 271
2 217 617 151 359
2 585 651 946 212
3 646 174 439 151
2 81 474 944 274
3 838 111 744 311
2 255 499 587 174
2 922 939 215 243
2 609 622 506 242
3 390 628 658 131
2 244 253 475 186
2 394 602 636 49
2 611 946 257 243
3 255 333 702 207
3 620 214 536 320
2 101 499 513 276
3 263 297 677 125
2 120 551 40 185
2 145 201 213 116
3 738 407 592 180
2 289 578 877 191
2 142 155 438 94
1 399 2 539
3 877 501 758 224
3 60 361 626 155
3 770 589 712 222
3 787 542 581 182
3 81 260 569 149
3 301 683 786 216
2 505 904 446 389
3 623 352 556 276
2 188 336 31 291
2 386 579 675 327
2 51 536 919 273
2 130 652 738 239
2 702 799 439 313
2 341 814 931 370
1 45 592 451
3 932 207 654 173
3 647 103 180 156
1 854 219 269
3 292 491 809 285
3 70 198 875 426
3 297 345 766 390
2 695 865 126 350
2 62 65 283 131
2 789 873 938 333
3 67 365 566 309
3 119 674 912 102
2 448 713 390 206
3 884 13 416 124
2 10 426 561 129
2 376 598 348 282
2 65 482 490 312
