903 903 18
77 390 507 703 67 776 676 288 478 363 17 597 724 731 436 90 127 107 
2 92 264 829 134
2 783 839 846 30
3 133 178 212 32
3 272 492 533 160
1 285 740 227
1 787 671 279
3 482 26 336 267
2 63 462 683 153
2 247 269 470 136
2 571 646 132 264
1 555 604 389
2 772 855 485 118
2 506 594 653 261
2 247 446 213 180
2 425 501 395 271
2 394 549 327 102
2 321 365 190 223
2 272 401 424 205
2 96 605 772 295
3 875 22 233 214
2 328 364 834 75
3 44 459 739 115
1 25 664 339
3 495 628 790 81
1 779 715 437
1 786 473 401
2 755 778 125 135
3 17 109 529 278
2 563 676 755 274
3 868 5 829 167
1 53 709 438
2 351 428 775 232
2 369 580 796 273
3 429 612 806 271
3 630 266 497 265
3 265 610 894 191
2 194 405 557 274
1 672 765 416
2 12 485 737 229
3 482 125 284 263
2 47 177 687 112
2 729 884 631 222
2 419 724 371 163
3 758 716 718 123
2 78 237 425 260
2 680 717 301 83
3 72 183 473 324
3 407 600 747 122
3 208 862 862 9
2 214 265 395 189
3 138 152 364 130
3 48 528 892 136
3 208 449 745 71
3 645 16 487 145
3 891 543 708 263
2 112 440 19 123
2 523 596 303 195
3 189 250 796 121
2 353 443 657 151
3 153 410 808 226
3 704 59 497 133
3 495 599 767 63
3 542 21 142 162
1 193 227 342
2 604 664 349 156
2 397 803 143 272
3 337 644 659 196
2 207 772 94 237
2 524 875 350 123
3 903 247 560 256
1 234 698 358
3 701 284 622 227
2 627 819 861 197
3 201 139 156 206
3 828 504 611 96
3 565 753 854 238
3 49 876 880 230
3 24 106 832 153
3 177 241 776 211
2 506 731 453 125
3 434 363 431 160
2 182 314 759 144
1 53 821 379
2 726 806 600 143
2 167 188 123 170
2 462 623 338 260
3 863 224 544 210
2 383 829 170 276
2 355 412 238 378
3 661 210 524 222
3 153 586 787 222
3 374 19 38 116
2 468 602 163 197
3 759 455 604 189
2 38 142 815 131
2 497 825 302 114
3 130 259 736 241
3 511 724 887 232
2 472 867 232 242
3 47 102 460 81
2 242 275 499 97
3 532 637 731 64
2 369 543 326 291
2 502 560 886 119
2 46 85 428 15
3 336 609 891 247
2 193 284 691 160
3 457 308 322 83
3 578 113 564 202
2 658 678 358 85
2 555 803 851 163
3 552 449 498 152
2 566 871 483 160
2 464 814 23 271
1 274 56 203
3 749 245 457 288
2 245 371 201 229
1 602 371 313
3 326 873 891 179
3 715 10 411 177
2 114 327 726 181
3 337 622 798 285
3 694 64 614 164
2 693 897 287 249
3 243 278 835 106
2 284 504 21 274
3 605 138 570 185
2 50 51 339 167
2 241 811 110 332
2 475 539 186 229
2 225 358 464 73
2 123 274 476 90
3 444 525 574 212
3 623 150 564 201
3 573 676 814 220
2 175 291 506 196
3 822 506 772 245
2 381 555 44 115
3 718 108 142 164
3 756 188 429 227
2 158 239 33 246
1 231 233 235
2 311 728 887 341
2 357 535 169 132
1 653 180 225
3 787 323 520 241
1 548 26 237
2 24 656 796 273
2 706 733 368 108
3 674 65 391 227
3 283 76 197 340
1 221 87 252
2 90 314 317 108
2 569 816 275 156
2 239 255 646 126
3 168 534 566 180
3 321 9 220 109
3 620 720 892 88
2 538 580 321 61
3 529 411 470 186
2 62 211 401 205
2 386 511 385 291
2 161 178 423 176
3 217 594 877 235
3 54 127 899 143
3 83 389 643 211
2 714 742 647 159
1 708 198 390
2 103 345 712 112
1 400 543 472
3 388 72 199 240
2 166 294 140 205
3 789 305 614 217
3 329 119 193 87
1 214 6 426
1 629 847 407
2 21 292 584 331
3 326 564 681 269
3 225 598 716 187
2 454 635 329 117
2 82 545 803 112
2 72 183 601 94
2 853 892 129 103
3 143 453 800 272
2 793 886 354 61
3 426 104 105 24
3 337 3 168 263
2 379 519 207 169
1 718 280 298
2 613 870 605 181
3 896 264 867 272
2 239 820 140 251
2 397 625 110 332
2 169 538 669 163
3 700 69 286 236
3 714 363 383 270
3 521 657 676 107
2 724 776 251 277
2 511 712 817 35
1 286 269 354
2 97 146 776 159
3 60 479 520 136
3 799 59 501 266
2 341 510 215 286
3 177 665 823 207
3 726 68 313 181
2 13 78 536 109
2 57 493 791 151
2 187 514 73 225
3 36 119 812 272
2 603 893 186 257
2 48 255 506 212
2 16 131 245 183
1 23 872 232
3 199 594 797 189
2 629 758 75 247
2 109 165 6 52
3 223 46 77 149
3 513 110 150 245
1 495 775 473
3 160 285 828 294
2 580 593 525 244
3 690 520 577 165
2 37 397 683 153
3 232 351 749 246
2 403 658 76 184
3 308 349 805 298
2 460 784 92 226
2 550 671 688 234
3 601 9 82 98
3 367 147 208 264
3 281 44 250 157
2 291 627 168 264
3 826 367 417 107
2 857 875 597 101
2 386 713 887 341
2 217 383 108 260
1 842 886 428
3 436 224 427 181
3 820 52 151 100
3 614 181 352 100
2 531 716 383 70
2 258 347 888 76
2 339 525 232 246
2 397 528 889 163
2 743 751 312 82
2 100 199 576 294
2 373 524 616 279
3 376 8 338 253
1 206 244 237
2 112 177 621 215
2 336 550 584 357
3 38 119 530 224
2 483 835 171 257
2 157 461 741 195
3 117 365 434 202
3 123 416 755 216
2 770 804 860 62
3 60 109 359 138
1 1 431 179
1 742 627 526
2 210 722 176 296
3 563 76 417 231
2 265 644 737 229
3 839 225 619 140
2 238 468 208 71
3 296 315 610 110
3 343 19 166 110
3 281 375 602 187
3 722 113 259 223
3 90 145 447 233
3 93 102 370 242
3 240 689 763 95
2 487 756 180 249
2 192 230 247 108
1 530 888 386
2 193 505 158 115
3 67 693 842 223
3 2 225 543 205
3 411 428 759 244
2 285 526 698 111
1 88 624 452
3 825 87 636 188
3 710 43 618 211
1 668 171 384
2 681 823 153 222
3 127 655 745 83
3 744 663 684 224
3 321 84 245 105
3 753 533 733 277
2 293 455 281 180
3 886 10 777 189
2 695 748 86 65
2 20 186 255 212
2 183 386 430 240
2 94 396 775 232
3 406 619 700 190
2 464 867 185 168
3 256 67 208 269
2 625 660 393 170
2 517 778 209 285
2 539 714 358 101
2 277 325 821 231
3 886 425 787 189
2 346 686 689 220
2 155 262 465 150
3 419 122 212 171
3 35 528 555 5
3 637 278 454 30
1 838 878 357
3 155 580 860 267
2 748 767 340 123
2 170 479 97 342
2 146 208 756 204
3 762 524 629 147
3 558 3 346 122
1 394 788 191
2 298 636 283 370
1 682 88 496
3 205 280 342 125
2 292 361 190 228
3 532 674 881 97
1 359 400 334
3 579 240 322 154
3 867 274 758 144
2 555 614 830 143
1 134 847 502
3 244 93 183 225
2 688 731 104 112
3 517 93 106 145
2 216 378 641 184
2 384 511 94 237
3 720 340 632 257
2 142 402 616 272
1 151 774 310
2 167 769 846 82
3 386 443 793 193
3 566 659 793 198
1 315 123 336
3 39 420 569 176
2 287 301 48 30
3 434 275 355 131
3 479 857 902 173
2 457 679 36 272
2 440 693 707 103
3 828 289 595 136
2 317 324 210 205
3 183 225 320 239
2 7 245 426 177
3 321 5 176 109
3 757 84 298 73
2 296 564 268 255
3 418 24 116 148
3 874 86 626 151
3 584 81 97 240
3 554 332 537 173
2 591 626 463 82
2 502 805 289 259
2 472 627 223 205
2 51 465 654 86
3 108 231 498 267
2 334 376 524 198
3 642 498 517 216
2 164 423 460 304
2 227 537 644 166
3 151 865 883 116
2 495 506 889 78
2 102 133 589 232
1 498 713 405
2 636 707 865 239
2 247 398 709 133
2 264 319 31 177
3 48 341 506 140
1 682 551 506
2 586 648 209 267
2 416 711 95 193
3 1 852 888 350
3 762 389 540 178
3 654 34 613 93
3 795 163 697 214
3 303 572 820 231
2 584 789 276 115
2 299 453 60 161
3 55 71 604 264
3 471 307 358 284
2 742 809 35 85
2 179 840 861 201
2 431 522 402 316
2 659 819 365 276
3 657 444 597 158
3 620 621 715 70
2 805 900 180 248
3 842 164 393 129
2 320 504 514 99
3 547 357 507 141
2 271 878 140 251
2 486 835 118 220
3 45 394 852 230
2 793 805 225 97
3 751 28 161 108
2 699 760 365 214
3 521 648 710 107
2 575 795 501 138
3 192 447 619 290
2 520 540 117 139
2 155 444 578 195
2 256 753 66 228
3 852 291 767 233
2 123 282 82 268
1 845 231 283
1 365 472 384
3 764 218 464 87
2 803 848 557 258
2 322 371 388 263
3 799 825 864 243
1 753 442 298
3 136 232 649 178
3 732 294 678 162
3 59 263 733 270
2 11 38 380 143
1 806 328 516
3 485 27 420 134
1 395 152 342
3 12 396 425 104
3 328 17 270 203
3 48 527 565 56
1 695 182 449
3 701 886 889 115
3 281 640 824 183
2 70 461 662 185
2 232 600 197 218
2 183 336 175 234
2 580 810 41 224
3 344 709 870 255
3 813 1 3 40
3 773 359 532 183
1 860 588 548
2 669 822 134 263
3 742 109 478 122
2 685 730 734 155
3 889 385 403 152
3 790 200 364 59
3 731 106 557 185
3 142 384 438 130
3 231 697 756 195
2 853 901 828 74
3 225 354 447 202
2 443 467 324 1
3 6 519 848 78
3 356 464 810 112
2 32 175 376 253
2 371 488 636 127
3 812 154 485 316
1 497 697 378
3 355 819 825 101
2 654 796 839 136
3 27 749 812 271
3 567 184 251 231
2 598 689 792 262
2 795 864 432 148
3 26 188 864 202
3 75 272 417 262
3 673 13 663 253
3 418 782 807 122
2 149 173 128 27
3 498 513 763 92
2 15 239 694 138
3 12 353 390 108
2 538 551 302 11
2 467 707 274 269
3 767 141 233 165
3 365 845 858 225
3 464 117 249 79
2 82 608 21 274
3 467 101 279 355
2 632 813 475 47
3 302 398 767 118
1 377 779 327
2 206 297 674 163
2 409 692 5 90
1 358 811 350
1 581 65 360
1 37 775 469
2 187 328 419 165
2 497 707 849 176
2 346 349 574 175
3 67 533 780 223
3 419 526 816 197
1 469 186 422
2 384 610 679 205
3 806 49 489 52
3 281 331 340 10
3 579 132 201 160
2 439 478 379 356
2 450 848 110 332
2 290 684 260 252
2 152 749 82 298
2 149 342 57 259
2 499 701 349 156
3 458 246 271 132
2 577 837 416 136
3 632 859 890 176
2 591 744 147 116
3 520 690 710 65
2 690 718 494 144
2 108 351 708 248
2 94 155 462 64
3 804 5 126 183
3 67 731 801 223
1 492 6 380
2 328 482 695 125
2 338 720 121 144
3 742 329 671 122
2 236 410 565 235
2 333 869 57 289
2 197 256 142 78
2 42 647 844 191
3 397 142 264 157
2 244 746 98 297
1 385 899 181
2 351 833 199 193
3 843 251 433 16
2 740 776 156 26
3 62 501 530 142
2 118 130 466 55
3 331 414 428 195
2 147 460 583 178
2 56 235 587 265
1 415 207 467
2 621 670 424 190
3 195 386 524 244
1 471 897 404
2 371 690 114 281
2 173 431 43 238
1 337 537 199
2 250 443 578 195
2 420 539 740 229
3 4 423 620 104
2 310 481 493 240
3 556 592 775 110
2 323 374 32 19
1 277 821 286
2 202 562 29 215
3 781 15 351 260
3 899 212 774 325
3 136 310 699 178
3 810 271 740 273
2 300 403 160 287
2 566 735 831 310
3 807 266 629 393
3 411 775 811 192
2 102 163 475 21
3 67 574 791 223
3 384 439 815 163
3 491 145 409 25
2 265 309 362 106
2 140 424 776 209
1 448 790 463
2 387 619 130 241
3 186 270 578 261
2 176 411 742 115
3 900 281 886 219
3 650 839 882 166
3 90 490 885 236
1 505 202 486
3 892 387 448 306
3 158 490 687 93
3 335 430 698 295
2 255 692 890 210
3 650 247 363 153
2 78 420 615 181
2 278 289 337 198
3 386 777 783 61
2 161 201 480 126
3 621 779 822 193
3 814 390 661 231
2 412 443 453 121
3 176 604 704 274
3 141 211 266 72
3 483 307 335 128
2 793 845 639 86
1 139 636 320
3 317 524 705 116
3 889 366 754 163
2 94 289 303 205
3 65 423 594 275
3 40 662 790 312
3 420 286 365 249
1 221 879 356
2 9 168 444 270
2 55 777 831 332
2 777 826 647 173
2 530 680 385 269
2 164 382 488 205
2 27 137 611 121
2 1 12 280 152
1 242 366 598
2 21 226 797 278
3 779 322 657 132
3 630 644 647 120
1 598 106 417
3 450 631 852 143
3 324 385 669 94
3 230 200 224 47
1 396 18 450
2 98 172 636 97
3 690 23 565 235
3 414 152 191 226
3 802 339 571 289
2 500 594 780 285
3 620 2 334 66
3 902 149 671 334
2 118 320 656 105
2 732 851 421 86
3 387 505 832 255
3 839 153 311 110
2 207 357 205 125
3 803 186 368 105
3 546 147 396 103
3 695 377 507 125
2 266 365 410 253
3 373 419 613 222
1 782 153 311
3 373 20 324 196
3 123 360 677 216
2 131 368 386 186
2 654 875 196 273
2 17 25 844 125
3 308 387 882 298
2 137 199 383 62
3 705 80 450 295
3 53 428 449 50
3 186 64 105 191
2 265 377 413 139
3 873 26 88 160
3 486 647 679 40
3 480 750 814 168
3 127 587 883 117
3 26 204 889 202
2 74 216 446 222
2 361 756 874 151
3 799 228 452 259
2 690 764 64 295
2 456 511 80 196
3 442 444 626 156
2 311 355 271 252
3 691 14 288 197
1 195 191 374
3 94 554 809 233
3 683 471 634 129
3 769 327 427 313
3 419 503 581 131
2 826 863 575 153
3 607 109 241 262
3 835 176 569 113
1 340 296 426
2 497 596 901 78
2 281 392 575 169
2 702 817 383 88
3 672 25 326 172
2 567 880 255 234
3 766 158 589 179
3 814 428 550 231
1 421 18 432
3 323 428 693 305
2 720 721 414 9
2 17 719 744 262
2 206 529 728 138
3 232 501 877 242
3 89 177 515 345
3 428 189 344 67
2 35 321 398 168
1 20 903 254
2 804 867 796 250
1 77 29 335
1 683 311 354
2 686 714 595 39
2 506 792 816 270
1 162 168 313
3 13 123 233 74
1 630 236 382
1 545 284 442
3 633 104 621 255
3 897 626 691 78
3 451 803 895 222
2 393 646 742 122
3 772 121 321 265
3 133 341 566 78
3 633 159 505 255
3 704 71 562 133
3 743 273 674 275
3 733 450 616 216
3 528 163 352 61
3 517 118 256 185
3 496 547 686 135
3 449 261 344 199
2 291 357 750 229
3 304 367 560 173
3 328 143 162 199
2 244 280 695 43
3 576 398 512 324
2 475 545 619 218
3 236 599 633 75
3 261 647 741 238
3 708 35 363 248
2 402 837 222 158
2 221 253 504 226
2 567 714 501 120
2 521 541 161 163
3 713 135 199 37
2 278 307 194 274
3 20 45 387 236
2 7 530 862 62
3 126 624 755 112
3 402 17 175 290
3 542 56 398 181
2 355 784 299 195
3 407 429 465 104
3 113 139 660 97
3 766 140 266 149
2 191 414 685 156
1 53 774 470
3 307 283 291 14
1 731 853 433
3 263 523 858 86
2 488 549 469 38
1 200 885 271
1 583 533 427
3 23 258 564 271
2 399 515 209 289
1 48 864 468
3 652 653 840 203
2 734 850 852 229
2 692 810 121 140
3 542 687 728 121
3 631 245 411 219
2 411 870 271 288
1 378 200 371
3 526 585 607 204
2 186 368 580 67
3 737 252 362 193
3 30 239 483 81
2 395 533 313 45
2 808 893 632 215
2 324 471 323 305
3 865 142 663 276
1 466 785 315
3 420 138 248 255
2 524 818 460 307
3 865 151 151 26
3 48 271 425 133
2 461 689 204 63
3 338 81 202 230
2 448 519 837 259
3 72 130 614 324
3 375 5 54 239
2 444 629 705 302
2 48 309 643 259
3 238 502 509 272
2 612 803 343 132
2 703 894 14 43
2 425 614 686 270
1 878 641 319
3 487 625 874 276
2 421 727 386 193
3 504 296 361 272
1 780 59 158
2 632 657 683 138
3 242 466 503 148
3 588 174 578 139
2 17 40 435 14
3 506 196 299 179
3 651 19 165 189
2 609 672 574 313
2 367 407 205 150
2 355 548 564 222
2 66 471 44 115
2 285 624 860 66
2 595 854 879 201
3 628 86 521 111
2 712 716 301 83
2 200 405 776 209
2 12 110 273 114
3 52 605 902 233
2 290 302 148 52
2 132 395 513 295
2 152 683 131 173
3 109 565 637 77
2 188 547 605 185
2 343 603 826 118
3 418 689 890 170
2 74 90 436 85
3 538 292 320 188
3 419 422 602 201
3 350 512 867 123
2 580 603 249 42
3 587 142 364 265
3 719 78 287 126
2 2 219 659 89
2 420 824 29 215
2 18 91 825 162
3 164 531 725 166
1 249 250 433
2 255 317 532 56
2 557 842 207 165
3 604 294 313 116
3 432 471 709 149
2 260 292 43 155
2 88 270 443 98
2 642 728 324 56
2 462 641 665 315
1 175 637 517
2 607 792 499 175
2 83 678 38 224
2 493 503 311 18
3 429 551 730 253
2 312 821 187 142
1 11 374 315
2 378 599 776 216
2 341 498 54 143
3 221 243 611 192
2 346 559 200 141
2 34 75 382 26
1 93 738 438
3 853 302 677 135
1 417 248 363
3 849 511 807 194
3 113 408 453 71
3 644 102 284 136
3 742 361 565 122
2 38 408 450 140
2 399 406 241 65
3 532 233 362 65
3 139 241 606 306
3 890 423 432 107
3 569 806 894 197
2 105 759 15 325
3 162 216 894 247
3 286 448 503 124
2 545 761 9 238
2 109 147 215 229
2 347 656 281 187
2 302 613 22 66
2 123 705 755 296
2 68 166 444 266
3 8 648 648 13
3 344 692 743 193
3 48 50 397 133
3 291 161 210 167
2 696 725 333 137
2 80 716 772 295
3 189 308 322 85
2 27 569 665 315
2 104 374 503 142
3 349 211 259 96
3 174 701 798 187
2 451 562 706 241
3 85 90 405 151
3 762 368 585 178
2 488 803 90 236
3 144 174 606 342
3 298 715 808 263
3 627 71 111 35
2 165 450 663 321
3 82 668 899 294
2 178 809 860 66
3 93 468 704 249
2 211 600 80 196
2 198 588 824 312
3 834 497 585 119
1 456 112 461
3 491 170 453 25
2 192 451 591 258
1 508 253 299
2 624 842 339 302
1 405 367 486
1 887 866 277
2 397 489 644 166
3 454 550 575 121
2 21 732 841 314
3 13 231 311 57
1 239 563 308
1 460 226 330
3 710 127 618 211
2 450 499 521 145
3 547 73 264 111
3 379 645 800 352
3 564 2 368 215
2 79 195 390 107
2 467 795 345 287
3 636 7 133 101
3 768 716 741 114
2 578 617 631 186
1 147 887 274
3 552 19 513 152
2 224 394 730 128
3 231 347 398 254
2 31 59 456 67
2 226 638 770 4
2 722 728 87 171
3 660 766 809 227
2 446 468 116 238
3 185 638 853 164
