948 961 18
695 260 830 412 869 890 22 307 10 88 605 250 13 449 15 1 435 474 
1 100 780 404
3 201 370 925 108
2 145 276 494 140
2 192 328 599 55
3 750 808 944 274
2 461 929 213 131
1 580 256 333
2 510 885 379 224
3 361 720 914 201
3 618 25 30 21
2 342 381 658 1
1 199 401 403
3 770 476 551 235
3 699 362 517 147
3 532 556 932 140
3 119 156 457 83
3 588 211 540 197
2 557 689 484 194
2 690 848 327 155
3 372 434 501 152
2 198 296 487 253
3 741 791 866 107
2 264 768 127 146
2 700 793 398 173
2 443 930 118 115
3 405 646 866 132
2 278 467 703 232
2 177 326 721 177
1 407 756 370
3 722 277 717 235
2 405 821 149 300
3 872 183 422 151
3 20 63 832 171
3 742 835 945 200
3 716 425 671 199
3 679 215 645 99
3 688 740 753 159
3 617 104 569 177
2 519 736 438 232
3 820 247 713 211
2 27 332 573 285
1 114 240 297
1 193 836 310
3 790 142 457 103
3 135 613 637 278
3 443 639 739 310
2 481 645 293 322
3 534 409 509 49
2 550 703 108 42
2 834 929 610 117
3 792 311 508 148
2 176 469 920 62
3 408 512 890 134
2 810 817 211 178
2 231 447 641 118
1 180 190 517
2 535 599 695 147
2 17 194 911 134
3 408 249 302 74
3 584 513 580 123
2 362 819 855 177
2 605 818 242 184
3 184 280 508 201
2 754 922 342 207
2 68 96 737 217
3 933 213 527 199
1 95 940 322
3 884 5 510 118
3 149 445 504 282
3 432 42 242 167
2 571 725 760 110
3 202 388 788 184
2 63 142 465 197
1 681 832 234
1 568 723 539
3 903 416 504 128
1 209 688 435
1 466 463 273
2 57 231 310 88
2 149 371 479 217
3 612 41 569 179
2 219 896 149 300
2 251 851 161 152
1 738 620 357
3 390 404 769 194
2 581 674 539 270
2 248 648 164 136
3 167 293 370 302
2 294 648 27 100
2 12 260 615 243
1 901 259 408
2 515 713 484 194
1 708 112 511
3 816 100 572 154
3 216 263 525 132
3 172 630 702 87
1 109 544 439
1 604 707 393
2 284 760 184 219
3 224 408 789 109
2 406 562 181 190
2 72 432 657 93
1 923 573 333
3 110 50 68 170
3 207 219 830 165
3 30 541 933 155
2 193 367 642 319
2 716 767 205 195
2 515 701 109 21
3 641 643 725 142
3 502 352 444 144
3 281 299 547 60
3 265 463 619 180
3 743 700 703 127
3 133 409 801 86
2 95 130 816 139
3 10 594 873 133
2 426 748 907 282
2 643 828 383 170
3 326 387 422 155
3 498 45 154 72
3 521 655 749 198
3 15 160 360 56
3 58 237 757 237
1 859 501 386
3 466 752 763 139
1 240 652 386
3 881 198 278 172
3 903 280 737 146
3 325 724 866 171
2 843 923 648 240
3 203 468 888 360
2 666 745 204 46
2 798 818 780 129
3 690 262 488 261
2 186 595 5 344
3 409 442 715 80
2 749 892 297 204
3 412 719 894 120
3 326 475 642 207
2 150 507 39 143
3 180 230 541 92
2 154 165 371 48
2 24 129 486 122
2 574 690 116 2
2 511 552 301 41
2 11 319 478 155
3 742 200 673 192
2 136 360 825 135
1 512 258 354
3 837 131 677 174
2 54 554 877 111
2 81 114 286 145
3 600 176 367 184
2 282 803 49 129
2 221 809 157 198
2 84 534 724 121
2 167 235 766 142
2 785 814 618 82
2 421 727 788 154
2 231 592 172 99
2 89 108 618 79
2 170 677 930 181
3 436 553 739 220
2 25 38 281 24
3 834 269 341 118
3 937 19 165 211
1 627 176 317
2 25 129 545 158
3 775 117 200 104
3 411 483 820 259
3 61 392 718 28
3 62 321 734 106
1 486 688 424
2 536 760 378 116
3 406 543 593 273
2 471 769 205 237
2 527 801 429 131
3 466 42 249 198
2 526 862 232 235
2 629 661 493 138
3 27 383 899 100
3 900 408 661 162
2 45 515 516 272
3 603 707 784 125
2 450 600 726 193
3 482 248 326 74
2 204 252 560 167
3 752 56 288 60
3 743 81 635 280
1 111 326 350
1 867 108 435
2 849 891 27 58
2 370 701 270 154
2 260 433 44 188
3 613 546 578 218
3 207 212 629 166
3 806 101 771 164
2 61 392 558 301
3 395 75 250 139
3 843 221 618 224
3 764 298 746 223
3 330 751 889 133
1 217 336 638
1 260 279 461
2 450 631 127 146
2 299 421 26 170
3 549 56 406 130
3 239 496 929 285
3 352 407 803 99
1 808 676 562
2 602 768 471 149
3 110 556 830 198
2 317 585 138 190
1 212 620 413
2 464 720 865 134
2 205 291 394 53
3 387 471 642 141
3 735 205 580 43
3 332 567 601 52
2 410 513 12 176
2 463 766 404 216
3 706 377 609 151
2 293 868 244 252
1 19 100 357
3 900 441 792 162
3 358 873 886 126
2 219 336 108 6
3 350 704 807 209
3 178 450 578 147
2 414 938 255 118
3 648 81 422 232
3 114 332 564 133
3 535 25 290 113
2 280 526 227 132
2 75 558 696 187
1 945 794 440
2 5 301 637 146
3 774 642 713 255
2 344 571 618 121
2 388 586 285 160
2 36 125 160 141
3 311 807 935 153
2 485 523 455 342
3 554 329 394 75
2 368 483 143 165
3 687 136 143 44
3 97 176 205 8
2 619 727 392 168
3 164 223 368 100
2 356 804 868 100
2 30 710 748 51
2 272 281 194 27
2 285 386 107 141
1 178 462 540
2 455 833 354 115
2 16 667 747 116
3 803 405 722 194
2 611 726 467 137
3 284 357 714 246
3 238 516 625 317
2 61 377 927 256
3 239 124 181 235
2 154 588 667 162
1 100 452 362
2 135 468 593 151
2 28 263 338 147
2 238 314 805 159
2 776 789 297 170
2 592 605 474 126
2 440 553 868 82
3 831 41 224 267
3 801 227 797 80
2 151 273 554 128
2 361 556 743 261
3 725 83 416 201
3 379 587 719 212
1 52 805 352
3 822 283 713 289
3 856 215 342 188
2 433 713 927 255
2 4 744 815 133
3 490 406 482 120
1 463 387 329
3 439 94 132 81
3 175 9 12 2
2 461 579 820 211
3 437 100 360 64
3 669 794 904 78
2 441 510 328 208
2 760 912 643 184
3 825 38 362 135
3 508 655 878 136
3 1 435 707 409
2 331 358 796 196
3 586 154 252 105
1 930 888 403
2 360 498 672 279
3 905 52 596 171
3 413 154 251 150
2 539 836 376 272
2 378 386 927 200
3 580 97 144 159
2 578 921 145 111
2 471 936 319 240
2 22 78 284 218
3 147 292 454 47
3 280 599 703 155
3 90 179 313 149
3 387 206 348 142
3 827 156 344 263
3 911 15 516 149
2 715 782 253 136
3 722 105 358 236
2 124 539 662 292
3 940 16 121 174
2 479 541 418 207
2 304 463 593 114
3 330 16 203 158
2 288 557 634 257
3 404 63 144 202
3 889 89 883 174
3 162 208 886 102
3 177 265 686 146
2 279 540 640 195
2 545 941 384 64
3 546 279 290 65
2 132 235 250 176
2 257 768 214 90
3 444 519 689 168
3 267 490 758 155
3 458 861 916 67
3 765 267 760 188
3 52 313 514 180
3 315 120 225 117
3 806 557 560 3
2 780 892 440 282
2 466 664 90 148
2 731 944 534 76
2 501 865 14 146
1 692 578 443
2 484 507 548 175
3 906 319 540 147
1 65 921 257
2 183 407 500 178
2 551 890 469 216
2 150 868 87 155
2 825 917 76 149
3 304 547 686 216
2 536 718 1 409
3 256 454 624 263
3 262 905 927 206
2 819 942 24 201
3 847 393 751 239
3 375 449 743 152
2 178 538 45 123
2 675 904 427 143
3 155 620 622 109
3 14 241 337 110
2 800 909 192 106
3 740 476 590 210
3 583 164 369 316
1 552 343 375
3 797 70 160 126
2 225 655 809 193
2 250 618 248 394
3 275 658 922 138
1 834 698 338
2 91 178 625 234
2 425 728 192 97
3 356 532 740 243
3 363 20 132 135
3 833 65 822 200
2 597 665 214 78
3 302 93 273 252
3 202 240 526 166
2 774 846 344 40
2 653 873 573 272
3 136 706 808 244
3 586 158 202 22
3 912 370 551 23
3 70 454 583 222
3 863 146 649 169
3 855 109 267 178
1 13 676 441
1 424 204 390
3 377 663 921 156
3 439 656 823 83
1 83 334 382
1 139 44 350
2 189 509 519 282
2 588 683 29 98
2 697 909 346 333
2 223 356 758 22
2 476 803 221 175
3 406 137 306 274
3 650 218 526 76
2 166 226 940 189
2 104 487 775 146
2 511 744 21 125
2 631 718 360 170
3 651 111 445 106
3 89 375 570 77
2 128 534 569 127
1 138 575 387
3 576 214 272 269
2 265 493 574 159
1 730 728 295
3 915 19 642 214
2 21 214 685 168
3 6 603 864 147
3 850 207 379 150
2 385 554 160 137
3 672 31 417 298
3 650 82 632 95
2 814 875 144 156
3 926 31 116 263
2 599 617 424 237
1 686 920 485
2 182 886 114 134
3 173 242 568 141
3 44 177 184 118
3 545 372 467 120
3 387 298 381 105
3 515 609 881 182
2 381 393 82 108
2 112 584 754 225
2 286 797 106 169
3 842 66 519 236
3 772 34 507 219
3 912 267 468 5
3 345 485 619 85
3 565 339 476 49
2 136 891 22 174
3 263 641 740 138
3 870 83 588 289
3 277 178 186 42
3 435 73 127 277
3 87 714 734 57
3 600 29 373 184
3 902 55 277 226
3 776 7 47 154
2 566 828 359 120
2 79 499 76 141
2 470 495 411 241
3 573 340 471 232
3 174 790 843 211
3 334 425 906 117
3 325 771 901 171
2 834 861 339 121
1 531 487 175
2 423 611 707 125
3 599 730 736 12
3 945 449 516 119
3 236 655 840 282
2 197 931 167 347
2 109 334 403 78
2 330 734 768 106
3 32 131 885 72
2 689 807 152 212
2 294 737 936 148
2 457 612 916 148
3 734 13 286 116
2 30 88 294 313
3 528 273 387 132
3 344 476 856 79
2 780 929 715 200
2 46 100 332 78
3 232 755 776 177
2 418 866 85 168
3 221 382 922 184
1 38 430 341
3 933 489 862 198
2 709 809 143 158
3 227 284 520 132
3 594 721 773 237
2 75 305 370 205
2 415 713 409 80
3 936 264 555 130
2 372 567 282 141
3 293 611 700 310
3 214 324 699 90
3 307 551 884 108
2 495 546 168 187
3 594 775 843 240
2 497 550 633 143
2 123 242 590 162
1 536 471 455
3 769 100 419 215
2 667 688 361 120
2 785 859 342 159
2 455 611 407 131
1 11 385 385
2 450 838 338 146
3 321 123 306 173
3 426 151 193 190
2 433 588 713 135
2 130 454 66 85
3 662 186 436 292
2 391 518 780 150
2 155 575 658 81
2 559 732 446 145
2 485 778 469 216
2 717 836 910 181
2 12 489 647 273
1 301 2 505
2 577 668 100 185
2 514 724 504 220
3 825 388 695 134
2 200 508 142 308
2 571 735 210 138
3 164 384 894 136
3 917 477 511 205
2 92 114 10 124
2 233 473 499 172
2 489 521 364 102
3 433 706 789 85
3 141 784 878 130
3 307 697 885 69
2 60 785 866 138
2 142 602 719 177
2 590 710 857 261
2 181 548 839 235
3 664 362 621 184
1 582 427 250
1 318 354 480
2 838 942 537 279
2 575 700 817 123
2 731 923 243 313
2 602 630 813 35
3 100 579 592 111
1 525 10 354
3 88 630 668 160
2 356 611 58 237
1 214 329 435
3 104 376 412 198
1 382 448 209
2 32 474 711 123
3 423 644 801 242
2 691 939 531 329
3 30 317 860 146
2 316 330 444 132
2 235 834 144 198
2 465 514 927 237
3 269 410 452 106
3 703 353 645 268
2 86 543 707 126
2 154 617 717 184
3 425 556 893 287
2 220 581 57 279
3 175 181 441 148
1 361 596 343
3 535 606 937 121
1 482 334 542
2 2 212 626 97
2 300 741 916 148
3 314 471 922 172
3 67 203 834 150
2 257 270 602 66
3 397 158 297 208
2 449 855 118 106
1 617 709 407
2 263 821 53 275
3 189 295 857 166
2 419 899 263 150
3 181 357 829 190
2 82 420 840 129
2 73 387 676 77
2 455 772 244 252
3 490 109 458 153
3 934 581 714 183
3 60 472 863 104
3 500 533 828 177
3 900 586 670 150
1 210 376 347
3 771 595 735 158
3 165 571 596 137
3 310 334 573 87
2 196 281 291 264
3 177 750 883 107
2 86 264 771 171
1 207 536 451
3 186 60 172 157
3 438 600 812 220
2 225 557 868 82
1 524 338 589
2 167 286 492 19
3 906 571 763 153
2 168 324 27 101
3 797 171 691 141
2 547 634 703 268
3 809 151 783 194
2 410 429 613 94
2 625 855 77 320
2 750 772 198 51
1 748 661 707
2 419 490 758 26
2 445 680 866 137
3 461 335 459 1
2 76 516 655 148
3 324 581 650 110
2 381 621 213 122
2 707 794 568 85
3 149 506 603 300
2 250 474 775 109
3 906 403 527 147
2 263 439 39 106
3 355 530 835 312
3 544 269 449 234
3 343 420 428 20
1 524 54 519
3 240 66 66 176
3 868 16 45 61
3 948 351 478 246
3 454 650 807 130
3 255 581 654 70
3 236 34 130 280
3 600 96 252 184
2 86 782 824 259
2 410 629 315 116
3 685 354 391 127
3 131 213 221 323
2 453 803 288 180
2 515 534 274 213
2 38 142 204 74
2 39 482 688 210
2 211 651 838 114
3 841 518 594 175
2 420 576 666 131
3 745 27 535 192
2 527 662 425 287
2 142 251 865 135
3 640 20 599 214
2 263 637 721 176
3 417 155 403 143
2 220 643 161 152
3 46 404 659 164
3 129 174 357 146
2 434 564 327 194
2 835 893 523 224
1 218 546 388
2 580 761 135 305
2 80 235 922 166
2 30 397 20 171
2 59 76 613 190
3 655 222 534 129
2 591 638 655 108
1 734 73 394
2 29 444 500 178
2 409 671 37 136
2 450 868 881 171
2 253 327 483 161
2 773 869 330 133
3 182 210 748 107
2 292 453 187 242
2 483 873 393 80
1 511 683 470
2 198 245 690 294
1 325 246 316
1 499 498 475
3 872 396 707 150
3 107 135 540 178
1 75 122 494
3 829 357 582 173
2 344 387 593 95
2 292 939 165 232
3 907 229 607 282
3 289 401 772 132
2 771 885 70 183
2 576 646 726 154
3 298 559 689 246
3 164 264 335 100
3 757 49 445 111
3 829 225 524 155
3 904 46 350 154
2 4 430 906 166
3 521 187 351 211
1 642 630 306
3 48 181 363 105
3 756 295 752 166
2 478 777 9 161
2 290 406 45 86
3 361 788 948 201
1 429 210 488
1 68 188 465
3 505 114 322 84
2 104 381 656 220
3 56 689 794 222
2 313 407 284 210
3 511 20 150 94
2 702 858 170 282
3 221 670 730 103
2 715 727 852 123
2 572 805 77 320
2 663 827 511 69
2 21 520 729 235
2 87 380 646 154
3 487 497 734 252
2 168 383 507 298
3 62 151 297 107
3 83 493 681 270
2 132 319 668 129
2 268 332 167 302
3 739 70 188 129
1 540 141 324
3 820 105 771 212
3 789 790 852 171
2 223 260 33 80
3 551 420 436 99
2 105 354 648 232
2 739 777 287 30
2 315 435 531 284
2 195 367 765 189
2 725 810 434 87
3 599 224 339 18
2 195 715 61 29
2 334 699 181 190
2 97 282 522 99
2 132 293 904 154
3 246 490 506 133
3 251 371 623 153
1 424 110 280
3 279 29 90 176
2 446 755 834 154
3 807 224 671 283
3 263 392 481 118
2 478 568 416 149
3 928 286 465 85
2 432 642 25 300
3 248 519 922 403
2 418 783 260 104
3 102 512 719 239
2 234 287 168 161
1 236 176 318
3 510 665 805 90
1 257 252 371
3 553 587 625 52
2 251 466 155 211
2 462 766 223 195
1 554 20 311
2 475 932 296 114
2 240 277 381 136
3 823 369 611 166
3 641 503 553 120
3 141 491 930 178
3 832 57 282 261
2 683 923 939 25
3 649 453 559 141
3 297 582 864 231
2 750 798 227 92
3 254 273 417 76
3 346 67 336 325
3 731 319 363 61
1 474 433 462
3 852 49 789 227
2 494 548 827 228
2 61 477 563 151
3 162 253 756 101
2 345 582 931 118
2 59 315 566 222
3 205 575 770 225
2 263 494 118 88
2 192 235 122 131
2 416 707 182 106
2 353 654 778 175
3 209 674 868 86
2 537 643 858 225
2 721 745 673 150
2 381 855 926 277
3 426 125 248 273
3 932 414 853 135
3 937 322 471 189
3 366 139 340 145
2 125 397 24 193
3 69 366 815 231
3 679 276 316 23
3 350 729 753 209
3 112 261 411 61
3 744 483 555 80
2 72 254 397 208
3 882 517 635 65
2 771 921 400 204
2 543 824 403 77
3 553 594 770 94
2 747 913 338 155
3 794 26 420 193
3 131 263 662 322
2 455 701 114 133
3 6 485 923 168
1 835 262 333
3 941 317 904 238
3 561 305 382 127
3 277 52 206 134
3 419 603 735 187
2 591 870 203 348
3 204 13 51 49
3 174 178 738 251
3 183 682 695 234
2 41 173 378 102
2 153 818 893 111
1 70 750 203
2 258 504 613 200
3 879 465 608 130
2 2 607 756 167
3 471 651 842 149
3 363 629 870 137
2 353 831 309 101
2 235 540 642 300
3 220 264 265 67
1 298 679 425
3 358 636 900 177
1 455 721 233
3 540 310 494 192
2 521 632 767 211
3 164 276 442 100
2 500 708 396 217
2 395 793 329 142
3 36 119 779 247
2 635 721 452 159
1 240 919 357
2 234 545 547 17
2 726 772 716 157
2 119 249 888 187
3 861 368 530 24
2 160 271 675 269
2 119 509 655 148
2 85 416 458 59
3 813 197 743 144
2 77 118 384 41
1 585 745 304
2 383 578 713 135
2 439 657 136 283
3 534 552 569 67
2 607 948 409 89
2 765 947 484 203
1 842 199 309
3 806 203 619 164
3 700 553 674 338
2 350 752 223 195
3 690 368 650 293
2 216 350 364 121
3 179 24 168 130
3 574 130 483 178
1 452 873 464
2 365 516 855 159
3 740 161 294 211
2 54 165 2 175
2 389 650 243 304
2 328 817 159 162
2 416 442 545 109
2 2 559 704 136
2 332 882 942 173
3 846 110 185 180
3 608 302 431 125
3 809 52 468 194
3 514 555 583 119
1 235 933 411
2 737 854 567 102
2 813 928 102 248
2 213 367 703 269
1 870 864 188
2 21 494 669 118
1 28 711 333
2 2 152 364 106
2 165 244 793 185
3 570 14 450 133
3 169 301 928 171
3 870 522 721 288
2 757 922 440 330
2 572 639 23 173
2 521 565 737 278
3 833 618 688 187
3 286 168 235 167
2 380 596 771 170
2 212 303 98 231
3 615 81 147 228
2 221 274 706 91
2 171 365 430 155
3 119 247 399 46
2 125 317 835 173
2 426 764 891 128
2 651 920 16 118
2 315 786 852 226
3 323 516 895 36
3 778 390 512 157
2 793 901 336 93
3 410 167 337 131
2 410 636 389 129
2 553 595 874 173
2 23 150 235 146
3 442 474 921 113
3 288 416 518 162
3 693 91 661 268
2 693 763 98 188
3 35 42 207 40
1 334 317 386
2 162 490 756 167
3 767 209 223 212
3 327 50 97 166
2 40 494 565 102
2 186 294 637 146
2 372 530 38 154
2 361 496 607 179
3 622 240 396 137
3 869 692 692 64
2 52 73 585 224
2 330 515 668 110
3 785 47 405 120
2 415 432 12 90
2 90 297 515 195
2 563 791 337 219
3 803 175 283 195
3 277 316 673 148
2 190 780 794 193
3 822 274 667 289
3 19 600 612 107
2 437 454 72 95
3 66 80 470 85
3 688 144 537 210
3 775 666 750 103
1 494 883 567
3 300 8 192 127
3 934 166 177 113
2 681 789 575 150
2 242 453 538 142
2 593 804 473 248
2 342 818 308 99
2 626 758 425 275
2 633 947 5 352
2 114 850 54 125
2 643 645 942 15
1 204 321 407
2 551 779 782 167
3 724 742 795 70
2 95 554 777 220
3 404 410 880 216
1 563 881 448
2 286 448 462 46
3 115 473 590 171
2 507 677 934 195
1 478 400 381
3 839 89 777 235
1 83 315 344
2 571 620 648 177
2 321 609 715 191
3 272 455 528 210
2 292 913 30 155
2 371 936 334 126
3 330 796 856 133
3 95 239 857 180
1 862 705 274
2 60 747 930 181
3 67 129 439 150
3 540 265 473 174
3 534 549 604 67
3 465 638 716 199
3 571 820 944 158
3 471 102 146 147
3 312 381 567 109
3 735 633 714 30
3 402 755 896 59
