950 957 18
163 152 571 273 666 298 277 380 560 524 748 325 876 810 892 508 456 816 
1 634 704 343
2 80 256 310 198
3 290 291 840 217
2 265 720 815 203
3 767 235 534 210
2 137 483 650 148
1 614 290 326
2 204 204 760 102
2 234 492 931 293
2 686 712 336 65
3 518 808 949 256
1 342 404 362
2 445 615 938 154
1 508 541 440
3 117 804 911 133
3 891 475 816 127
2 519 666 516 256
2 652 799 818 261
2 262 302 412 113
2 283 447 182 236
2 428 832 102 173
2 182 342 383 98
3 786 228 733 164
3 261 464 557 223
2 43 299 468 166
3 703 19 201 66
3 614 63 447 116
3 788 50 615 331
1 90 902 215
3 811 402 443 106
3 655 56 159 261
3 408 772 901 209
2 454 712 341 226
3 669 457 639 269
1 537 562 331
2 470 696 418 211
3 325 424 576 132
3 462 122 147 214
2 464 474 636 92
2 379 942 147 177
1 912 504 337
3 458 150 439 169
2 114 399 438 185
2 120 540 109 237
2 419 584 402 207
1 106 663 367
3 99 143 216 235
3 310 461 619 162
2 485 750 756 191
3 152 222 324 268
2 421 701 732 151
3 777 84 689 95
1 916 574 398
1 153 713 492
1 316 856 453
3 222 555 590 200
2 260 856 122 200
3 712 59 132 242
3 186 64 148 215
2 713 853 149 109
2 505 804 388 155
2 684 713 329 168
2 419 495 695 102
3 545 601 843 232
2 578 768 162 138
1 545 252 480
2 272 309 602 78
2 845 893 496 147
2 318 579 885 84
2 545 621 681 121
2 137 173 749 230
2 247 556 605 56
3 38 88 548 101
3 304 764 878 200
3 268 572 869 177
2 327 483 649 186
3 65 132 631 161
2 499 650 179 186
3 416 457 790 28
3 178 412 627 269
3 450 520 846 203
2 26 446 493 122
2 187 464 483 114
2 440 450 398 98
2 411 732 191 177
3 945 196 902 132
3 764 248 367 50
2 41 443 760 357
3 852 233 689 135
3 226 244 328 156
2 408 790 322 144
2 387 551 255 158
3 714 110 563 57
3 371 914 947 154
2 163 865 118 248
2 185 352 374 208
2 276 659 187 173
2 432 454 610 131
3 520 25 235 186
3 400 164 340 110
3 467 763 851 96
3 602 782 847 117
2 277 572 900 188
2 136 669 132 357
3 148 479 901 202
3 100 350 826 170
3 425 178 293 140
3 311 683 846 40
1 132 433 207
3 851 452 844 212
3 223 235 660 117
3 248 728 874 34
2 164 206 227 305
2 76 247 605 89
2 856 904 815 202
3 240 272 844 130
3 244 539 763 246
1 721 684 367
3 922 602 733 241
2 329 527 28 214
3 549 337 511 133
3 773 167 695 268
3 267 702 820 175
1 393 697 432
2 152 345 519 189
3 762 671 737 193
2 364 383 749 196
2 482 540 121 95
3 808 168 525 207
3 364 62 251 90
2 750 873 435 254
2 368 549 24 127
2 66 583 645 62
2 23 54 660 241
1 117 27 421
3 665 365 425 88
3 69 268 834 139
2 467 501 196 169
2 640 834 247 246
2 382 697 152 253
3 146 609 682 270
3 864 556 785 207
2 322 916 54 122
2 32 648 722 281
1 936 773 300
2 506 709 346 234
3 39 259 517 173
3 143 166 925 31
3 724 818 876 134
2 740 794 500 191
3 579 882 915 177
3 245 273 569 37
2 578 878 399 99
2 52 124 452 274
2 205 665 924 327
3 47 214 383 40
3 351 129 185 299
2 286 389 578 20
2 517 809 401 146
3 579 73 136 211
3 539 691 805 240
3 64 565 603 197
3 470 55 277 294
3 53 366 910 108
2 581 654 279 290
2 13 391 618 159
3 435 620 861 259
3 524 671 916 187
2 187 397 730 185
2 606 791 587 117
3 624 124 154 169
3 868 600 718 241
3 584 593 634 175
2 263 285 662 47
1 749 126 239
1 703 778 542
3 811 348 724 134
2 98 527 43 124
3 451 509 811 199
2 726 904 568 132
2 174 189 521 267
3 255 497 573 152
3 539 603 686 267
3 910 681 863 128
3 385 419 858 290
3 148 345 447 202
3 283 522 838 227
3 34 96 144 120
2 116 695 809 216
2 672 717 350 51
3 260 625 920 201
3 126 470 902 240
2 251 555 96 44
3 678 422 507 164
2 379 600 702 218
3 688 9 354 230
3 873 357 403 179
2 511 753 809 200
3 146 647 654 181
3 412 353 374 160
2 181 383 439 62
3 870 328 645 202
2 556 650 12 254
2 743 810 731 137
2 651 660 930 41
2 60 673 10 220
3 810 510 687 241
3 560 59 97 160
3 657 72 581 215
3 292 654 797 121
3 450 149 270 219
2 4 775 880 129
1 292 346 337
3 459 93 229 181
3 335 352 765 227
1 837 751 387
1 258 398 296
3 138 437 517 188
1 570 179 361
2 878 899 426 150
3 41 878 941 44
3 827 181 489 160
2 92 589 840 296
3 203 522 540 210
3 494 681 737 170
2 13 148 605 92
3 456 488 675 248
3 555 939 946 91
1 73 348 373
3 417 773 784 144
2 113 850 45 146
2 724 845 711 225
2 285 499 810 241
2 334 482 909 157
1 778 147 395
3 354 786 926 264
3 679 314 673 73
3 265 47 183 197
3 162 403 496 111
3 426 549 666 151
2 136 328 588 214
2 410 517 736 207
3 392 71 109 159
3 483 214 444 114
2 195 219 760 260
3 488 145 464 155
3 812 62 486 221
2 509 537 136 168
2 334 342 406 173
1 877 439 508
1 70 22 440
2 189 556 755 220
3 768 104 580 186
3 293 562 695 104
2 622 722 100 146
2 490 654 795 114
3 139 187 500 55
3 377 337 374 164
3 398 513 740 205
3 40 251 501 185
2 511 691 297 220
3 79 351 378 248
3 336 641 886 90
2 394 436 338 243
3 789 43 199 253
3 402 479 688 227
2 57 68 667 215
2 821 851 318 104
2 595 818 548 211
3 771 28 746 332
3 151 591 714 262
2 892 908 294 218
2 781 893 497 179
2 74 106 373 174
3 134 225 501 272
2 255 334 181 205
2 5 108 746 259
2 615 917 399 99
2 148 297 730 186
3 838 403 616 262
3 437 351 417 296
1 105 85 473
3 825 133 287 70
3 202 205 907 189
2 362 497 669 269
3 247 272 412 253
2 527 614 109 201
2 645 939 288 179
1 825 191 487
2 265 282 293 20
1 673 22 303
3 840 156 429 296
2 639 831 908 177
2 39 197 626 251
2 199 939 176 293
2 614 842 546 126
3 248 521 911 39
3 935 595 829 54
2 634 881 39 168
3 553 317 473 243
2 782 927 638 149
2 528 626 257 181
2 298 735 245 37
3 444 152 398 234
3 392 518 552 73
3 760 156 171 337
2 609 711 476 239
1 648 224 386
2 694 898 281 203
3 310 345 478 182
2 162 497 739 197
3 65 350 380 127
2 734 748 324 38
2 227 498 75 63
2 641 834 103 189
2 329 575 805 282
3 691 187 523 138
2 130 277 335 243
2 560 887 403 77
1 797 304 403
2 764 788 485 22
3 780 339 365 161
3 31 149 160 86
2 3 200 845 279
3 653 453 588 198
3 545 286 307 188
1 842 695 412
2 33 606 616 230
2 574 810 553 243
3 734 343 670 222
2 102 790 907 184
1 751 498 319
2 636 664 665 59
3 275 891 916 245
2 577 898 186 182
2 546 807 33 277
2 270 622 239 198
3 808 383 467 191
3 748 201 727 113
2 14 427 745 235
3 872 22 489 142
2 104 294 765 144
3 308 370 397 140
2 936 937 508 6
2 8 549 812 224
3 908 304 632 201
2 351 662 298 102
3 42 364 686 122
2 105 186 479 190
2 482 538 40 152
2 235 539 737 158
3 600 60 292 353
2 291 420 175 69
3 752 629 711 222
2 242 368 524 166
3 34 315 706 116
2 34 250 6 276
3 944 502 704 306
3 392 507 807 126
3 540 215 252 182
3 439 205 255 62
2 485 676 695 129
2 106 396 607 255
2 353 929 7 175
1 613 103 323
2 426 501 175 42
3 351 700 825 256
2 472 772 333 194
2 786 823 132 314
2 502 785 496 152
3 158 231 913 256
2 137 288 778 212
2 486 697 4 196
2 643 643 580 10
2 375 766 122 200
2 574 886 409 175
3 642 182 458 238
3 418 684 935 210
2 166 240 722 261
2 215 243 658 227
3 762 616 623 217
3 173 362 474 71
2 53 305 913 271
2 683 766 681 91
3 310 733 820 155
3 744 273 437 220
2 344 562 269 84
2 316 375 77 243
3 781 4 103 234
2 328 332 452 43
2 312 419 537 226
2 153 435 614 99
2 157 283 822 287
2 122 193 573 110
2 12 78 108 232
3 884 76 740 192
3 388 246 310 133
1 751 340 407
3 177 615 870 210
2 147 468 49 201
2 727 780 339 120
2 16 34 354 262
3 793 15 308 239
3 638 377 467 150
2 2 489 681 157
3 773 136 424 268
3 397 690 854 308
1 230 407 425
2 145 365 869 210
2 653 904 331 318
3 842 456 833 177
3 568 312 385 115
3 648 664 930 198
2 307 529 569 263
2 816 818 796 111
2 420 638 749 214
3 721 225 627 133
2 880 919 813 50
3 950 340 729 31
3 402 523 791 227
3 122 451 475 173
3 208 408 442 90
2 672 947 668 238
3 226 443 789 178
3 98 500 725 195
2 432 890 98 195
2 215 642 716 249
3 359 533 734 118
3 886 146 427 162
3 484 230 367 173
2 399 593 628 143
2 513 673 940 141
2 160 362 602 138
3 919 334 553 296
3 591 56 397 207
3 909 278 885 157
2 675 794 396 237
2 97 426 654 166
3 252 346 805 56
2 399 572 635 151
2 411 745 754 276
3 619 709 812 194
2 297 751 913 238
3 366 370 581 219
2 284 519 206 195
2 203 439 747 202
2 261 707 843 196
3 498 120 270 177
1 615 544 423
1 810 762 235
2 69 240 746 256
2 750 806 55 182
1 632 284 273
3 723 169 505 354
3 39 250 642 173
2 184 230 42 128
3 500 360 483 218
3 404 641 878 208
2 755 823 30 89
3 517 519 727 116
3 589 325 587 70
2 411 711 785 124
1 204 601 315
2 634 882 309 216
3 133 701 928 163
1 678 37 275
3 339 171 306 189
3 236 239 370 158
2 609 867 187 173
3 331 645 657 290
2 120 500 908 217
3 26 509 708 29
2 488 891 430 166
3 132 406 942 341
2 14 40 130 249
3 584 246 493 175
1 531 823 269
3 947 520 876 168
3 695 331 402 129
3 280 352 769 138
3 523 936 949 176
2 17 424 663 202
3 314 537 588 296
2 275 423 77 261
1 303 638 574
3 727 243 435 98
3 8 615 680 101
3 822 547 743 271
1 378 162 456
3 15 561 824 284
3 898 196 204 94
1 321 771 164
3 469 471 932 161
2 203 366 3 282
2 425 706 196 248
2 510 808 395 205
3 369 396 888 18
3 376 614 648 227
3 534 347 438 272
2 71 170 856 133
3 55 553 872 209
3 330 353 669 228
2 490 881 357 31
2 386 913 358 124
2 39 570 575 143
2 81 599 805 298
2 388 533 70 72
3 304 77 100 185
3 594 643 644 13
3 24 519 736 127
3 313 594 734 179
3 645 224 357 44
3 96 542 676 44
3 439 909 926 34
2 508 693 778 196
2 253 683 204 219
2 71 345 650 165
3 651 146 498 105
3 240 318 708 130
3 224 388 389 89
2 641 674 694 42
3 678 231 622 206
3 748 472 692 98
3 225 421 670 262
2 226 602 8 116
3 917 563 832 13
3 705 130 559 164
2 522 674 245 37
1 359 724 423
2 661 788 496 128
3 105 187 851 121
2 866 900 557 215
3 522 463 506 107
2 439 495 385 263
2 403 505 638 123
2 175 609 733 238
3 266 738 831 152
3 162 364 680 138
3 488 456 458 112
2 873 902 766 333
1 218 576 391
3 80 340 700 143
3 226 358 565 178
3 626 63 261 248
3 123 209 274 218
3 713 567 623 135
3 375 608 943 250
3 269 325 810 84
1 716 144 488
2 264 362 421 246
2 318 635 132 341
2 620 856 151 262
3 207 425 467 192
2 502 567 813 18
1 753 729 374
3 538 287 396 77
2 17 24 637 153
2 120 184 805 298
3 645 415 556 2
2 580 854 202 174
2 97 679 851 228
2 57 121 370 246
2 2 155 220 154
3 531 558 629 229
3 440 710 714 174
2 727 763 568 79
2 561 575 409 106
2 89 640 837 161
3 11 14 863 45
3 97 480 669 20
2 342 415 897 48
3 360 594 689 260
2 14 326 714 77
2 717 846 684 278
2 400 420 910 105
2 569 720 312 219
3 205 250 636 259
2 470 863 256 167
2 420 830 162 138
2 276 435 461 206
3 103 65 99 229
2 261 395 187 173
1 395 467 374
2 15 35 145 51
3 400 526 695 94
3 4 447 498 169
2 794 919 690 99
2 591 732 817 62
1 138 94 410
1 789 842 374
1 346 203 195
2 539 907 324 92
3 456 676 704 218
2 261 647 209 224
3 726 295 528 167
2 669 796 354 241
3 53 901 913 49
3 84 445 494 160
3 640 695 780 47
3 792 304 577 162
3 276 476 495 172
3 17 153 518 287
3 27 587 863 213
1 200 662 357
3 850 66 527 249
3 711 194 268 245
1 799 657 420
2 188 927 11 24
3 394 401 926 46
1 308 403 376
2 639 691 305 183
3 902 49 863 246
3 247 351 884 253
3 31 324 795 151
3 619 312 437 221
3 51 308 541 216
2 210 273 399 114
3 473 250 455 158
2 276 419 149 114
2 304 403 34 116
3 111 173 249 223
3 497 101 136 126
2 310 592 49 185
2 412 580 27 193
1 426 551 360
3 233 245 307 269
3 453 109 212 226
3 91 550 655 137
3 623 28 457 325
3 682 211 223 84
1 457 889 559
2 48 130 555 205
2 686 706 20 2
3 98 126 913 211
2 266 328 687 147
3 442 724 785 234
2 253 403 495 193
2 216 402 696 187
3 919 817 914 295
2 651 767 556 170
3 551 564 584 237
1 754 413 202
3 18 257 557 20
3 693 41 158 165
2 504 641 406 197
1 372 5 264
2 317 818 898 215
3 797 267 525 160
3 129 626 932 284
2 79 84 761 48
1 523 831 257
3 362 154 195 195
3 172 410 925 242
3 454 35 221 196
2 67 277 416 61
1 556 410 351
2 184 382 103 211
3 4 91 268 212
2 131 289 912 255
3 707 1 491 217
3 249 574 796 143
3 915 439 445 178
3 728 555 583 175
2 843 933 376 226
1 818 390 319
2 695 810 449 215
3 893 131 381 86
2 177 793 35 246
2 543 617 634 103
3 59 269 824 99
1 315 319 259
3 848 338 613 102
3 531 363 469 229
1 788 790 274
2 49 708 842 210
2 139 546 801 234
2 604 655 518 257
3 437 6 146 332
3 764 52 570 105
3 134 720 949 256
3 451 142 260 215
3 552 687 894 194
2 507 642 488 139
2 456 726 199 211
2 518 843 44 100
2 574 742 455 148
3 934 541 666 270
2 215 416 505 177
2 364 524 917 13
2 66 224 560 160
2 220 326 640 92
2 544 604 461 186
3 306 45 67 136
3 23 192 369 222
3 87 152 444 200
2 150 425 488 155
2 422 887 177 210
1 431 223 515
2 244 701 226 178
3 183 517 607 200
2 296 624 193 159
2 102 421 537 242
2 857 938 257 180
2 47 208 529 136
2 164 282 524 204
2 181 806 119 222
2 41 496 519 209
2 675 825 611 184
1 183 171 337
2 600 808 293 104
3 620 261 564 181
3 377 463 789 182
2 68 508 778 229
3 176 498 871 278
2 199 594 874 87
2 371 571 711 230
1 284 436 480
1 253 342 465
2 587 841 181 229
2 179 387 585 212
2 510 743 761 191
2 406 726 794 134
1 298 422 459
1 193 391 246
1 86 301 289
2 72 546 803 303
1 272 888 414
2 432 607 851 192
1 91 350 550
3 547 631 908 145
2 759 821 892 61
3 314 42 96 352
2 320 336 803 246
1 443 400 419
2 540 695 845 243
2 376 940 343 346
3 77 559 619 241
3 740 264 423 149
3 205 423 516 232
2 49 386 651 122
3 467 248 295 79
3 125 667 813 216
2 267 754 16 266
2 14 177 894 272
2 394 888 911 59
2 119 686 802 263
2 37 654 741 296
3 318 774 908 108
2 752 877 95 212
2 107 382 716 250
3 601 278 334 210
3 445 245 389 121
3 84 827 859 182
3 313 554 670 179
3 22 348 473 179
1 604 67 432
3 613 545 554 174
2 300 793 860 345
2 333 579 795 114
3 865 506 566 180
2 502 870 429 238
3 254 444 749 64
2 232 588 149 129
2 578 763 546 126
3 487 228 483 378
2 278 308 258 173
3 41 107 679 61
1 357 435 478
2 216 300 316 230
3 444 452 681 218
3 780 577 625 192
3 617 620 903 124
2 280 307 545 188
3 729 810 934 184
2 52 220 556 227
1 349 430 418
2 748 946 1 383
3 637 434 556 129
2 305 707 898 215
2 687 793 669 242
1 733 848 443
2 43 241 347 252
3 480 36 374 132
2 247 530 700 240
3 481 71 456 177
3 350 290 334 57
2 546 664 50 282
2 209 529 128 120
3 3 396 813 267
3 69 110 522 155
2 208 396 182 251
2 194 395 729 200
2 263 657 704 214
3 322 833 883 139
3 454 768 868 155
2 229 501 546 141
2 380 386 217 186
3 910 712 755 92
3 260 549 645 202
2 528 670 402 227
3 591 240 424 174
1 295 269 489
2 552 751 280 138
3 905 625 873 202
3 308 342 517 140
3 773 66 549 285
3 579 674 845 173
2 303 303 532 62
2 78 247 883 303
3 906 20 192 131
3 210 411 692 233
2 30 343 800 80
2 111 173 538 93
1 945 869 457
3 124 805 873 255
3 241 686 776 212
3 840 157 177 296
2 6 739 742 167
2 30 330 692 149
2 565 635 472 103
3 604 377 588 236
1 843 565 241
2 113 428 501 95
3 577 71 151 282
2 518 934 236 176
3 758 378 724 223
2 315 527 807 238
2 534 537 313 70
3 324 159 288 108
3 761 38 645 227
2 367 899 159 207
3 63 884 925 97
2 2 615 642 259
1 288 154 355
2 247 468 534 272
3 309 314 676 221
1 195 144 509
2 368 674 863 223
1 452 195 314
2 34 811 908 237
2 20 154 795 150
2 269 711 219 61
3 696 244 474 172
1 537 906 305
3 70 159 674 115
2 113 902 90 306
2 637 669 252 27
3 110 479 656 60
2 335 676 941 169
3 625 494 543 93
2 164 873 913 254
3 286 369 746 259
2 99 756 800 60
2 98 439 943 114
3 239 544 793 198
3 42 220 695 137
3 140 226 276 148
2 445 890 414 159
2 334 375 929 145
2 309 528 901 179
2 170 198 265 123
2 605 670 537 226
3 84 743 864 182
3 92 447 722 59
3 74 219 872 242
3 948 106 604 82
1 215 565 232
2 717 921 122 199
2 868 942 845 242
3 723 873 941 338
3 601 38 115 270
3 35 107 458 247
2 310 526 125 240
2 174 180 118 190
3 880 144 535 109
3 551 37 410 293
2 179 367 793 218
1 286 439 462
2 182 647 144 11
2 656 689 507 141
2 365 770 130 252
1 536 927 433
3 852 14 480 171
3 654 414 571 123
1 605 346 478
3 490 733 859 120
2 596 664 682 145
1 58 853 437
3 671 381 404 24
2 200 205 304 31
2 364 681 151 262
1 238 232 596
2 566 830 13 214
1 795 501 487
1 461 501 483
3 766 131 452 350
1 184 648 299
3 800 109 561 60
2 333 441 246 149
3 865 714 810 186
3 883 194 741 302
2 792 891 634 118
2 182 306 542 253
3 79 178 313 281
3 461 79 254 222
3 514 669 904 287
2 104 149 351 287
3 938 53 801 207
3 817 673 816 35
3 605 198 342 71
2 330 789 297 220
2 221 902 207 234
3 395 716 762 151
3 190 526 537 89
3 490 601 769 125
1 473 414 401
2 233 257 926 213
2 527 547 108 119
1 538 863 380
1 668 386 529
3 890 345 442 199
3 34 566 768 116
2 265 536 255 185
3 102 172 270 188
2 479 529 275 213
3 254 433 542 37
1 141 327 364
3 873 26 768 215
3 862 367 609 5
2 453 915 335 227
1 162 14 434
3 875 102 788 172
3 343 58 248 379
3 269 466 734 84
3 668 291 443 239
2 318 447 164 58
3 331 686 841 314
3 835 27 338 41
2 533 869 146 270
3 803 525 682 270
2 113 345 728 211
3 433 701 871 215
1 197 668 255
3 774 444 520 175
3 742 78 381 147
3 654 229 452 165
3 737 122 668 174
1 890 459 262
3 243 742 761 72
3 1 375 911 384
3 368 165 344 105
3 349 661 902 95
3 419 592 932 213
3 154 205 524 160
2 75 221 537 259
2 103 223 575 123
3 929 18 486 199
