987 907 20
809 190 810 856 19 150 861 573 871 165 48 823 236 860 429 732 743 171 403 399 
2 51 200 596 196
2 141 648 94 224
2 479 499 353 117
1 802 72 396
2 390 530 122 188
2 165 201 623 9
1 955 674 501
3 438 628 879 332
1 311 436 342
3 119 167 686 271
1 912 133 372
3 172 379 696 217
3 108 477 744 207
1 662 840 282
2 368 381 611 58
3 49 87 363 147
3 842 50 655 179
3 936 647 683 199
3 154 288 576 82
2 430 876 210 132
3 568 298 324 74
3 535 116 282 96
3 711 242 319 251
3 286 531 541 82
3 311 463 906 306
3 236 85 196 130
3 533 722 820 181
3 121 671 937 165
2 66 298 698 133
3 517 73 130 120
3 445 164 184 311
3 216 239 878 124
2 121 364 702 229
3 409 534 835 272
2 633 883 591 265
3 251 613 722 285
2 517 696 10 183
3 426 635 906 310
3 15 72 358 260
1 409 12 217
2 92 512 698 138
1 213 401 267
3 776 809 952 109
2 371 749 233 146
3 924 450 762 272
3 124 615 696 221
3 308 217 257 63
2 659 812 267 78
3 272 192 238 216
3 257 330 594 222
3 353 594 781 147
2 170 384 977 227
2 144 300 513 298
2 88 496 623 46
3 10 132 714 200
3 20 481 753 149
2 680 772 476 68
3 660 460 655 194
2 612 917 75 127
3 918 8 69 139
1 84 177 643
3 431 122 256 148
3 550 625 763 180
3 383 308 323 123
3 438 440 621 336
3 491 189 456 224
2 217 256 952 131
3 816 123 440 159
2 21 353 958 247
1 646 349 339
2 26 118 854 283
2 82 120 316 181
2 650 879 487 244
2 618 788 117 32
3 602 653 979 270
3 515 763 862 53
2 530 544 108 122
2 191 568 869 57
3 170 282 861 189
2 221 568 685 185
2 168 717 939 205
2 103 643 766 317
2 415 612 238 176
3 458 20 156 122
3 173 501 792 331
3 79 141 829 44
3 130 301 555 93
1 792 417 424
2 582 963 267 86
2 688 843 429 7
3 543 99 539 198
2 501 502 407 37
2 357 539 313 172
3 560 650 855 222
2 14 812 849 202
3 169 855 920 75
2 212 985 165 144
3 962 195 589 168
3 185 288 808 99
2 223 686 31 141
3 799 252 797 123
3 629 727 878 215
3 825 1 501 220
3 598 229 478 143
3 197 388 888 248
1 343 973 299
3 500 357 362 158
2 744 816 334 183
2 113 761 933 228
2 332 461 223 42
2 2 110 139 260
2 145 385 456 268
2 433 779 181 127
1 271 875 338
3 164 376 980 65
3 504 840 913 64
1 36 919 286
1 236 432 409
3 934 179 710 95
3 62 227 661 199
3 687 220 436 95
3 53 375 460 206
2 145 289 493 248
3 251 399 750 289
3 795 258 690 240
3 198 779 972 137
1 948 542 298
2 53 70 893 89
3 21 492 728 132
3 281 505 749 201
2 152 626 777 236
2 425 438 67 52
2 433 984 204 211
2 686 824 958 248
3 267 830 870 78
2 672 871 555 48
2 748 769 466 112
2 793 955 566 179
3 194 239 255 162
2 260 264 358 83
2 185 407 456 268
2 184 217 328 255
3 595 60 77 55
3 931 88 900 128
3 158 327 916 241
2 614 912 393 178
3 205 400 977 106
3 199 254 479 116
3 658 108 386 145
3 616 131 135 124
2 220 769 790 212
3 625 16 211 146
1 805 778 516
3 3 144 638 217
2 34 241 645 147
2 340 373 552 110
3 636 314 408 46
2 123 506 899 245
2 102 907 61 75
3 335 698 826 62
2 302 337 850 23
2 207 955 972 178
3 915 359 911 119
2 43 764 796 28
2 200 359 144 200
2 386 580 836 146
2 750 900 22 133
3 735 62 357 244
2 118 872 80 56
3 585 52 325 71
2 101 246 960 208
2 528 652 475 237
2 406 418 486 184
3 726 431 480 63
2 358 510 139 265
3 494 181 256 303
1 792 809 260
2 566 830 488 152
3 504 764 929 102
3 884 343 585 254
2 32 469 607 90
3 738 198 336 173
3 248 659 783 58
2 447 693 830 143
2 390 972 307 189
3 801 442 644 165
3 512 323 408 201
3 8 329 861 214
3 468 189 220 131
3 676 839 866 111
2 397 626 837 4
1 557 370 257
1 3 491 265
3 795 886 946 202
2 391 980 249 283
3 55 415 583 191
3 560 604 866 222
2 174 205 521 213
1 532 101 243
3 446 492 790 124
3 975 399 595 127
3 34 238 443 146
2 633 673 834 71
3 296 879 928 209
2 409 778 381 87
1 136 287 511
2 10 45 985 67
2 327 886 125 254
2 151 801 18 258
1 897 581 409
2 615 755 906 115
2 717 793 523 243
3 178 214 782 256
2 676 861 606 156
2 168 309 756 217
2 842 959 272 246
2 124 821 9 253
2 226 931 118 178
3 176 664 667 156
3 716 452 675 187
2 697 772 529 200
3 108 142 395 201
2 196 208 555 26
3 681 116 617 43
2 201 678 825 225
2 141 186 280 76
2 896 968 562 129
3 397 505 649 233
3 928 86 634 38
3 588 681 798 192
3 489 650 850 170
1 485 259 289
3 204 306 727 207
3 383 686 704 139
3 451 642 874 52
1 112 874 259
1 11 136 486
3 637 200 531 180
3 971 637 942 46
2 505 589 252 181
3 719 72 485 193
2 262 961 163 107
3 924 199 851 272
3 487 576 666 228
3 933 168 865 228
2 77 743 931 128
2 353 444 160 132
3 235 707 839 200
2 172 245 731 55
3 491 630 796 226
2 11 174 596 196
3 723 138 376 140
2 451 492 24 255
2 145 522 930 198
2 125 258 566 157
3 929 505 546 120
2 546 633 297 84
1 433 202 222
2 471 510 743 91
3 351 409 780 299
3 662 368 576 190
3 402 288 339 290
3 885 76 580 309
3 890 162 845 60
1 166 66 411
2 782 790 172 55
2 174 233 621 77
2 541 543 787 147
3 246 367 653 111
3 216 221 782 124
2 79 293 890 55
3 148 263 860 99
2 720 907 49 149
3 348 401 418 51
3 440 178 273 154
3 650 232 376 140
3 958 98 130 216
1 703 538 391
3 808 161 681 279
3 515 706 953 53
1 339 23 358
2 362 533 222 189
3 196 281 615 54
2 93 163 325 108
3 977 318 600 233
2 405 445 695 50
3 809 117 720 202
3 10 467 902 200
3 442 593 897 166
3 562 612 745 121
3 264 341 897 189
3 708 154 611 228
2 867 886 247 116
3 907 319 403 139
2 380 924 287 15
3 879 529 852 114
2 51 117 332 113
3 323 383 954 278
3 833 75 661 96
2 736 768 338 29
3 708 157 672 228
3 841 579 677 260
2 5 637 747 139
2 567 623 292 117
3 512 614 947 247
2 174 400 57 268
3 553 652 981 225
3 940 86 165 203
3 298 664 874 215
2 125 216 291 192
2 39 919 16 127
3 860 105 699 253
2 175 409 436 58
2 727 866 301 99
1 73 842 463
2 246 254 204 145
2 193 469 872 236
3 870 95 626 104
3 96 200 578 30
3 125 578 901 250
3 877 447 674 115
3 535 18 280 117
2 887 905 797 4
2 129 556 791 46
2 542 593 848 237
2 377 846 145 109
3 85 98 282 163
3 560 89 135 196
2 155 412 798 167
2 40 888 908 145
3 190 374 741 146
1 784 413 267
2 7 56 453 93
3 607 258 360 89
3 72 683 821 214
2 30 54 199 29
2 322 775 885 309
1 504 138 462
1 772 194 314
2 375 678 342 139
1 401 374 502
3 117 358 502 25
1 550 567 291
3 106 402 708 63
3 830 249 488 137
3 774 560 669 149
3 957 321 810 80
2 419 576 13 120
3 76 646 864 201
2 505 886 493 263
1 820 719 247
1 395 433 378
1 706 219 238
2 431 727 864 102
3 241 286 742 246
2 109 225 562 99
2 146 755 68 135
3 350 778 925 106
2 330 802 54 222
3 543 120 460 192
2 12 350 656 206
2 154 421 557 269
3 125 180 513 254
2 482 637 478 215
1 313 519 278
1 771 343 298
3 523 663 739 243
3 530 5 47 196
3 600 106 526 340
2 319 423 882 87
3 539 246 247 35
2 521 653 792 168
3 874 160 704 189
2 217 510 20 149
2 85 124 49 123
2 547 923 972 174
2 317 816 66 79
3 734 106 374 175
2 74 394 525 222
3 912 392 726 126
3 152 446 489 166
3 959 308 479 195
3 289 921 947 229
2 276 324 746 165
2 271 292 129 257
1 1 846 186
2 527 624 809 185
2 123 233 763 183
3 747 400 528 139
2 370 519 304 204
2 456 749 422 234
2 689 801 207 22
2 177 183 742 137
1 554 154 440
1 316 684 302
3 909 405 650 215
3 791 429 717 46
3 485 344 375 83
1 892 736 341
3 718 383 680 262
2 30 688 16 127
2 13 125 524 276
1 298 190 303
2 15 514 827 190
2 386 579 145 109
2 85 199 513 275
3 851 116 138 100
2 892 947 645 114
1 599 864 313
3 112 870 894 204
3 601 134 166 161
2 261 320 326 233
2 235 279 16 69
3 551 124 488 78
3 889 488 823 201
1 752 462 324
1 616 268 296
3 154 223 747 82
1 490 845 313
3 635 695 898 108
2 142 554 687 101
3 665 17 393 169
3 138 154 328 138
3 199 47 141 117
3 480 499 624 221
3 647 893 984 260
2 476 766 948 127
2 911 982 755 152
2 392 969 309 81
3 553 456 486 187
3 746 42 111 166
2 518 666 517 108
3 129 131 356 257
3 951 22 217 134
2 65 454 947 41
3 826 325 400 34
3 788 149 451 209
3 641 50 357 177
2 668 761 781 170
2 200 466 637 174
3 136 187 451 98
3 714 737 880 156
3 266 458 765 262
3 897 683 852 157
3 240 244 947 155
2 222 474 790 206
2 326 735 119 271
2 39 505 670 171
2 304 324 639 177
2 323 758 65 116
1 15 773 281
3 526 96 367 84
2 514 559 882 120
2 95 731 973 205
3 673 308 418 116
2 353 620 58 214
3 211 383 891 149
3 513 134 421 298
3 73 220 914 70
3 803 425 477 188
2 471 631 274 300
2 155 324 774 163
2 763 968 559 221
2 220 903 155 254
2 555 891 130 89
3 396 32 184 160
2 472 474 443 38
3 231 615 943 286
1 980 948 448
3 790 314 547 212
3 54 98 876 222
2 669 759 497 171
2 81 397 647 251
3 658 246 484 145
3 511 224 256 50
3 293 460 550 129
2 387 415 577 197
2 771 893 376 183
3 690 288 649 264
2 104 497 772 168
1 599 832 545
3 820 14 24 140
2 727 735 156 8
3 838 861 959 261
2 435 610 139 265
2 603 704 488 119
3 765 287 490 155
3 803 141 430 193
2 541 696 812 133
3 876 515 727 315
1 242 321 280
2 552 607 890 40
2 857 873 797 19
3 273 360 428 142
2 447 809 385 93
3 471 537 791 102
2 91 153 178 227
2 170 420 422 228
2 948 975 169 121
3 821 470 739 205
1 309 685 450
2 447 983 221 91
2 495 785 53 217
3 209 280 596 194
3 208 303 763 196
3 507 25 50 75
3 454 40 326 167
3 356 530 894 229
3 925 186 588 341
3 547 449 546 17
2 344 455 922 43
3 633 302 534 222
2 552 655 782 206
2 351 458 790 201
2 368 406 632 97
2 164 945 133 254
2 224 503 764 198
3 465 208 273 78
3 141 789 813 18
3 518 216 454 196
3 229 716 768 253
2 144 551 37 239
2 226 316 711 251
3 925 841 846 249
2 580 629 82 162
3 588 450 587 196
1 979 666 408
3 81 149 961 233
3 266 576 890 258
2 863 873 714 103
3 403 195 225 198
2 174 562 582 174
3 314 612 986 206
3 87 124 531 357
3 705 669 699 153
3 741 875 909 232
2 468 975 357 267
3 506 656 727 300
3 431 795 957 178
2 236 301 156 83
2 467 479 382 131
1 331 427 290
2 140 741 51 93
2 768 797 967 198
2 645 670 34 94
3 159 442 600 163
3 367 504 794 150
3 292 386 634 137
2 612 911 82 178
3 858 6 116 154
2 41 572 719 198
2 48 486 819 218
3 170 536 852 185
3 132 163 913 116
2 893 915 916 46
2 677 905 613 195
1 582 152 338
2 80 118 686 206
2 236 279 804 150
1 595 732 347
2 698 929 507 183
3 183 193 293 84
3 682 366 645 91
2 146 536 667 138
3 853 481 825 251
3 869 57 723 57
3 746 404 531 171
3 410 421 669 53
3 292 541 747 133
3 202 566 643 230
2 825 977 665 178
2 97 106 792 148
2 229 781 840 240
2 822 825 800 27
2 134 808 50 264
2 753 860 257 218
1 244 572 528
3 599 210 468 80
3 880 345 430 198
2 541 672 281 184
3 468 688 785 153
2 166 383 681 37
3 699 82 445 149
2 100 394 877 109
2 144 550 67 63
2 371 579 762 79
2 149 165 903 177
2 17 311 7 222
3 365 570 840 201
3 608 87 542 78
2 86 615 791 46
3 296 780 781 166
3 430 588 667 182
2 245 782 78 27
2 211 361 683 106
2 135 449 464 154
2 113 354 792 179
2 445 830 156 89
3 667 348 608 138
3 368 58 212 192
3 6 50 498 148
1 454 87 223
2 461 625 965 78
3 266 418 791 262
3 835 444 615 109
2 185 373 805 69
2 160 509 756 223
3 957 364 604 80
3 423 470 598 55
3 980 210 253 103
2 133 484 689 191
3 88 385 733 111
2 281 904 273 195
1 398 876 239
1 976 348 364
2 935 980 620 208
2 502 900 371 169
2 864 976 447 175
2 489 576 482 34
3 259 346 981 199
3 415 129 142 121
3 855 390 422 187
3 535 615 682 85
3 220 222 464 248
2 76 548 654 193
2 269 904 183 90
3 657 319 623 134
3 747 157 314 133
3 49 63 627 153
2 58 278 899 240
2 49 431 853 246
2 779 867 484 229
2 896 978 772 178
3 116 367 839 266
2 18 103 640 161
2 140 264 494 303
2 195 598 810 114
3 116 5 45 146
3 25 176 986 130
2 100 432 541 149
2 469 739 365 205
2 310 667 976 208
3 423 667 981 59
1 383 575 377
3 675 18 295 104
2 675 736 414 108
2 33 967 20 153
2 925 964 382 207
3 772 575 693 154
3 510 849 969 132
2 108 271 697 218
2 263 306 376 181
1 806 848 301
2 90 750 912 126
3 562 592 682 105
2 506 812 27 142
2 198 223 439 178
2 802 810 464 85
2 423 938 115 298
3 368 527 919 193
3 866 447 802 275
1 402 338 308
2 111 427 770 136
2 78 388 423 50
3 124 406 913 258
2 387 596 231 290
3 880 221 582 209
2 645 688 439 161
2 503 796 824 198
3 630 110 486 227
3 269 512 692 93
3 334 386 692 194
2 61 370 485 140
3 727 186 343 169
2 856 923 558 131
3 693 532 653 160
2 119 459 802 132
3 71 204 504 238
3 626 505 509 140
3 665 163 281 148
2 111 370 526 84
3 714 399 618 160
3 938 206 350 219
3 157 400 569 68
2 314 449 295 264
2 107 524 578 209
3 76 272 618 205
3 832 333 434 70
2 388 506 962 168
1 730 340 390
1 188 117 531
2 667 728 432 180
3 122 209 765 188
2 544 715 512 234
3 583 162 493 271
2 400 558 201 310
3 78 532 949 23
3 491 672 775 226
2 234 392 509 148
3 655 174 536 329
2 526 574 865 140
2 319 416 917 138
2 511 908 386 171
2 961 977 823 130
2 343 886 119 271
3 335 145 217 40
3 302 389 479 196
2 455 932 125 254
2 522 786 787 298
2 102 214 514 89
3 35 440 771 155
3 352 563 892 142
2 234 675 846 190
3 284 700 912 107
3 865 220 272 123
2 54 371 401 183
3 417 41 147 98
1 507 477 239
3 835 436 722 109
2 289 680 758 198
2 35 301 337 123
3 159 167 877 163
2 13 443 715 217
3 690 11 347 259
3 782 317 664 226
3 381 501 908 87
3 504 399 425 53
3 781 28 31 33
2 581 755 550 180
1 973 17 298
1 463 106 334
2 261 719 175 199
2 648 958 483 111
3 239 703 790 134
2 288 461 521 250
3 557 708 939 271
2 206 261 265 62
3 658 707 732 147
3 426 766 880 310
3 886 360 720 81
3 354 21 101 207
3 901 474 821 103
3 925 323 395 291
3 647 763 962 260
2 265 486 534 128
2 755 953 424 89
1 749 675 377
2 568 703 810 94
2 300 584 876 319
3 723 100 713 146
2 171 281 390 295
2 3 94 237 97
2 51 471 945 156
2 577 727 532 252
3 32 882 952 262
3 808 661 791 275
2 354 586 93 130
2 214 859 863 177
3 43 580 688 183
2 745 802 540 65
1 564 598 355
3 163 596 658 66
2 851 923 723 104
2 156 262 367 124
2 334 461 234 172
2 744 758 834 1
2 453 702 321 209
2 631 634 478 146
2 338 669 898 273
3 156 624 982 93
3 629 933 980 223
2 199 560 814 231
2 156 519 550 184
2 512 514 788 100
3 929 454 829 120
2 907 983 5 266
3 118 455 947 178
2 87 320 506 298
3 922 751 882 50
3 545 57 445 207
2 506 738 471 102
3 728 48 406 210
3 703 263 386 116
2 869 968 464 164
3 83 519 673 255
2 34 336 761 329
2 631 880 158 237
3 327 465 961 54
3 460 805 889 118
3 487 5 419 243
3 179 344 475 102
2 145 626 4 187
1 899 18 193
3 96 244 629 30
2 733 840 46 108
3 805 142 698 75
2 770 813 250 92
3 38 186 914 198
2 29 727 880 209
3 309 472 561 77
3 743 413 640 91
2 29 202 395 89
3 874 689 817 185
2 169 904 120 154
3 748 390 467 234
2 254 394 722 87
3 417 480 506 103
3 160 221 818 143
2 710 832 945 157
3 214 974 975 53
3 189 548 980 211
3 283 177 260 130
2 135 913 946 141
2 224 295 57 268
3 786 707 733 266
3 86 472 931 75
3 686 544 565 194
3 792 68 761 185
3 987 198 433 120
2 951 965 256 255
3 683 308 567 112
1 206 453 305
2 379 533 352 146
3 129 750 849 259
3 791 417 546 46
3 383 639 935 196
3 675 265 293 103
2 431 938 356 233
3 820 147 633 267
3 659 141 392 175
2 620 672 936 190
3 283 910 913 114
1 842 186 352
3 499 305 416 171
2 594 903 304 200
2 189 232 143 195
2 657 703 736 150
3 451 477 719 56
3 834 45 513 129
3 947 334 922 46
2 81 450 524 276
2 206 355 679 187
3 947 148 726 46
2 230 509 845 92
3 879 202 454 112
2 190 339 443 254
2 244 592 70 65
2 328 506 791 46
3 829 680 683 200
2 46 93 460 117
2 318 551 762 79
2 240 508 927 250
3 390 225 241 287
3 224 538 852 179
3 232 476 861 298
2 648 778 543 194
3 160 320 762 143
3 862 777 836 219
2 535 605 639 237
3 599 33 531 86
3 124 609 959 262
1 800 694 263
2 66 156 331 270
2 124 742 977 233
2 709 928 565 128
2 470 759 166 262
3 335 367 614 66
3 261 673 709 184
2 846 918 580 28
3 788 28 296 210
2 374 423 723 93
3 24 518 829 285
3 852 186 698 146
2 18 188 706 213
3 920 401 786 83
2 220 377 559 211
3 295 473 908 275
2 172 927 13 120
3 317 514 750 281
3 639 385 564 254
1 382 896 286
3 556 144 186 124
2 906 915 316 144
2 516 575 718 245
3 351 461 967 303
2 512 544 908 88
3 249 478 811 279
2 149 855 43 203
3 146 555 797 216
2 705 751 361 203
3 372 552 581 137
3 370 476 545 220
2 16 166 827 185
3 607 175 595 95
1 429 539 446
2 819 831 394 191
3 566 139 412 177
3 79 191 922 44
3 87 470 945 357
2 10 18 598 29
2 307 361 554 140
3 775 250 503 180
3 694 761 951 239
1 297 301 508
2 444 647 91 185
3 961 266 666 239
3 25 204 511 126
