987 907 10
809 190 810 856 19 150 861 573 871 165 
3 22 252 366 180
2 74 443 749 246
3 636 200 596 180
3 565 94 141 168
3 525 59 353 270
2 419 678 38 160
3 335 359 412 210
1 69 757 328
2 436 484 402 213
2 475 476 167 25
2 113 276 651 112
2 510 634 823 161
3 117 368 611 226
1 965 49 282
1 738 255 379
3 363 22 334 187
3 50 846 899 171
3 312 475 777 241
2 298 568 586 253
3 182 535 756 179
1 930 864 329
2 453 949 37 78
2 135 711 59 150
2 249 286 375 139
1 529 339 473
2 751 832 702 9
3 463 769 906 98
2 226 399 196 276
3 301 574 779 108
2 733 940 515 253
2 206 539 722 132
2 38 839 937 277
3 66 543 978 177
2 567 745 332 99
3 857 422 771 262
3 948 258 668 246
2 577 753 391 129
2 506 752 462 126
2 517 696 20 130
3 426 635 906 201
3 15 72 358 142
1 409 12 226
2 92 512 698 230
1 213 401 330
3 776 809 952 280
2 371 749 233 302
3 924 450 762 237
3 124 615 696 221
3 308 217 257 50
2 659 812 267 293
3 272 192 238 213
3 257 330 594 199
3 353 594 781 110
2 170 384 977 274
2 144 300 513 359
2 88 496 623 376
3 10 132 714 176
3 20 481 753 130
2 680 772 476 303
3 660 460 655 250
2 612 917 75 320
3 918 8 69 139
1 84 177 378
3 431 122 256 213
3 550 625 763 191
3 549 308 323 266
1 839 438 368
1 325 443 274
3 744 546 701 83
3 189 645 926 275
2 44 68 256 207
2 512 949 123 178
3 353 451 713 117
3 417 120 316 201
3 398 879 898 134
2 663 830 558 107
2 653 961 979 235
1 763 862 462
2 108 544 32 51
1 496 869 233
3 199 403 947 320
3 507 587 987 254
3 68 129 897 239
3 568 643 941 234
3 415 848 870 73
2 156 702 20 130
2 501 675 792 316
3 523 822 892 78
2 455 613 309 39
2 196 441 22 190
3 807 351 558 169
2 869 976 167 224
3 539 99 352 189
3 501 502 517 236
1 285 313 538
2 537 864 917 196
3 539 35 536 224
3 650 108 156 138
2 733 973 14 50
1 920 386 443
2 212 985 165 273
3 962 195 589 97
3 185 288 808 89
2 223 686 31 192
3 799 252 797 244
3 629 727 878 229
3 825 1 501 304
3 598 229 478 234
3 197 388 888 340
1 343 973 349
3 500 357 362 155
2 744 816 334 196
2 113 761 933 182
2 332 461 223 265
2 2 110 139 250
2 145 385 456 35
2 433 779 181 210
1 271 875 438
3 164 376 980 87
3 504 840 913 176
1 36 919 261
1 236 432 332
3 934 179 710 43
3 62 227 661 275
3 687 220 436 287
3 53 375 460 172
2 145 289 493 38
3 251 399 750 194
3 795 258 690 275
3 198 779 972 59
1 948 542 418
2 53 70 893 109
3 21 492 728 342
3 281 505 749 224
2 152 626 777 262
2 425 438 67 53
2 433 984 204 155
2 686 824 958 178
3 267 830 870 232
2 672 871 555 122
2 748 769 466 63
2 793 955 566 196
3 194 239 255 65
2 260 264 358 151
2 185 407 456 35
2 184 217 328 118
3 595 60 77 308
3 931 88 900 135
3 158 327 916 128
2 614 912 393 261
3 205 400 977 278
3 199 254 479 308
3 658 108 386 296
3 616 131 135 74
2 220 769 790 139
3 625 16 211 228
1 805 778 475
3 3 144 638 283
2 34 241 645 160
2 340 373 552 251
2 314 408 117 214
2 506 899 417 230
2 61 102 16 173
3 93 202 335 407
2 24 126 860 187
2 955 972 606 99
1 610 915 268
3 978 230 617 227
2 292 346 280 104
3 642 437 580 181
2 750 790 900 131
3 62 111 357 253
3 505 567 949 105
1 604 768 484
3 246 455 768 197
2 12 21 578 91
2 139 365 735 124
2 494 496 725 49
2 427 550 913 86
2 566 830 400 267
3 504 764 929 189
3 884 343 585 240
2 32 469 607 192
3 738 198 336 134
3 248 659 783 102
2 447 693 830 220
2 390 972 307 118
3 801 442 644 105
3 512 323 408 119
3 8 329 861 236
3 468 189 220 28
3 676 839 866 181
2 397 626 837 254
1 557 370 477
1 3 491 286
3 795 886 946 232
2 391 980 249 250
3 55 415 583 321
3 560 604 866 99
2 174 205 521 153
1 532 101 474
3 446 492 790 256
3 975 399 595 292
3 34 238 443 241
2 633 673 572 172
2 296 928 189 282
2 381 409 912 171
2 136 287 363 145
2 45 698 10 189
3 886 252 327 119
3 151 252 546 187
3 14 318 674 57
2 178 481 482 167
1 759 786 317
2 48 74 799 257
2 492 710 482 179
2 29 379 888 329
1 959 842 461
3 315 9 124 359
2 118 652 97 220
3 615 259 581 282
2 750 979 32 56
3 506 529 697 131
2 142 162 355 240
2 236 448 196 276
3 116 617 762 273
3 201 678 757 278
3 141 186 869 29
1 896 968 374
1 185 397 445
3 203 266 454 171
2 881 949 507 218
2 417 669 86 240
1 407 345 392
3 850 500 649 93
1 106 967 301
3 306 599 712 177
3 686 270 666 120
3 642 780 940 138
1 272 322 491
2 291 393 28 253
2 649 785 13 198
3 166 363 539 211
2 245 362 440 305
2 56 250 530 313
2 158 345 704 132
3 496 676 933 234
1 855 281 365
3 856 303 423 271
2 707 832 839 131
3 172 245 731 306
2 362 630 796 206
2 29 443 702 29
3 568 40 474 254
3 136 591 684 78
2 57 803 19 195
3 782 198 710 125
2 541 671 165 273
3 903 319 558 81
2 456 787 91 216
3 977 46 313 299
2 184 435 745 216
3 896 504 763 310
2 108 185 535 65
2 510 539 809 211
2 167 221 368 101
2 752 871 971 252
1 710 800 421
1 455 509 315
2 347 465 910 255
1 233 174 222
3 413 541 787 168
2 63 246 311 256
3 364 473 576 113
3 328 367 653 207
3 216 221 782 226
2 79 293 890 292
3 148 263 860 73
2 720 907 49 347
3 729 401 418 236
3 273 178 246 208
2 376 654 232 196
3 98 130 555 267
2 117 515 538 205
1 575 609 525
2 222 468 74 240
3 125 298 703 212
3 712 252 694 136
2 625 792 619 134
2 526 695 462 126
2 454 809 967 250
3 403 467 902 227
3 442 593 897 279
3 562 612 745 229
3 264 341 897 141
3 708 154 611 302
2 867 886 247 62
3 907 319 403 233
2 380 924 287 106
3 879 529 852 249
2 51 117 332 112
3 323 383 954 202
3 833 75 661 270
2 736 768 338 259
3 708 157 672 302
3 841 579 677 232
2 5 637 747 181
2 567 623 292 285
3 512 614 947 124
2 174 400 57 126
3 553 652 981 88
2 86 165 429 233
2 298 959 81 243
1 379 785 357
1 874 176 327
2 125 216 291 234
2 39 919 16 173
3 860 105 699 174
2 175 409 436 27
2 727 866 301 101
1 73 842 585
2 246 254 204 93
2 193 469 872 172
3 870 95 626 272
3 96 200 578 270
3 125 578 901 205
3 877 447 674 175
3 535 18 280 107
2 887 905 797 191
2 129 556 791 104
2 542 593 848 325
2 377 846 145 255
3 85 98 282 122
3 560 89 135 79
2 155 412 798 240
2 40 888 908 335
3 190 374 741 179
1 784 413 394
2 7 56 453 197
3 607 258 360 157
3 72 683 821 183
2 30 54 199 257
2 322 775 885 223
1 504 138 477
1 772 194 420
2 375 678 342 94
1 401 374 430
3 117 358 502 214
1 550 567 477
3 106 402 708 287
3 830 249 488 208
3 774 560 669 218
3 957 321 810 155
2 419 576 13 205
3 76 646 864 269
2 505 886 493 83
1 820 719 299
1 395 433 338
1 706 219 244
2 431 727 864 244
3 241 286 742 191
2 109 225 562 216
2 146 755 68 239
3 350 778 925 207
2 330 802 54 162
3 543 120 460 260
2 12 350 656 158
2 154 421 557 178
3 125 180 513 200
2 482 637 478 142
1 313 519 487
1 771 343 287
3 523 663 739 130
3 530 5 47 243
3 600 106 526 202
2 319 423 882 86
3 105 246 247 38
3 239 589 792 150
3 502 808 858 149
2 177 252 678 71
2 154 609 109 248
1 547 923 406
3 423 331 421 256
3 444 649 956 315
3 792 454 709 316
3 428 779 959 217
2 289 653 728 94
1 952 980 467
2 468 818 398 232
3 790 1 313 152
2 527 624 809 286
2 123 233 763 110
3 747 400 528 134
2 370 519 304 132
2 456 749 422 149
2 689 801 207 110
2 177 183 742 21
1 554 154 386
1 316 684 359
3 909 405 650 277
3 791 429 717 116
3 485 344 375 234
1 892 736 291
3 718 383 680 234
2 30 688 16 173
2 13 125 524 181
1 298 190 369
2 15 514 827 280
2 386 579 145 255
2 85 199 513 377
3 851 116 138 204
2 892 947 645 104
1 599 864 377
3 112 870 894 101
3 601 134 166 232
2 261 320 326 173
2 235 279 16 115
3 551 124 488 241
3 889 488 823 298
1 752 462 387
1 616 268 364
3 154 223 747 154
1 490 845 368
3 635 695 898 102
2 142 554 687 287
3 665 17 393 153
3 138 154 328 95
3 199 47 141 333
3 480 499 624 34
3 647 893 984 89
2 476 766 948 246
2 911 982 755 190
2 392 969 309 39
3 553 456 486 61
3 746 42 111 355
2 518 666 517 238
3 129 131 356 98
3 951 22 217 162
2 65 454 947 390
3 826 325 400 131
3 788 149 451 245
3 641 50 357 307
2 668 761 781 157
2 200 466 637 286
3 136 187 451 84
3 714 737 880 169
3 266 458 765 225
3 897 683 852 259
3 240 244 947 120
2 222 474 790 127
2 326 735 119 124
2 39 505 670 242
2 304 324 639 113
2 323 758 65 94
1 15 773 421
3 526 96 367 288
2 514 559 882 14
2 95 731 973 139
3 673 308 418 328
2 353 620 58 258
3 211 383 891 237
3 513 134 421 392
2 220 914 962 97
1 155 324 625
2 559 968 482 179
3 247 122 155 127
2 616 717 414 245
2 932 973 390 256
2 430 633 664 145
1 467 276 318
3 191 240 314 229
3 347 657 943 262
3 948 261 875 246
2 497 966 223 277
2 323 647 295 238
2 74 658 696 150
2 481 574 3 213
3 141 505 917 29
3 108 258 781 54
2 252 357 420 118
3 75 197 523 315
3 945 87 901 144
3 74 388 941 252
2 461 497 104 204
3 832 568 811 152
3 14 24 820 70
2 727 735 156 137
3 838 861 959 210
2 435 610 139 237
2 603 704 488 104
3 765 287 490 277
3 803 141 430 76
2 541 696 812 235
3 876 515 727 269
1 242 321 529
2 552 607 890 319
2 857 873 797 205
3 273 360 428 260
2 447 809 385 147
3 471 537 791 244
2 91 153 178 187
2 170 420 422 137
2 948 975 169 183
3 821 470 739 215
1 309 685 577
2 447 983 221 208
2 495 785 53 211
3 209 280 596 249
3 208 303 763 216
3 156 25 50 168
2 239 709 949 236
2 495 776 451 284
3 607 183 466 167
3 631 546 547 176
3 338 344 922 266
3 429 534 588 260
2 230 552 655 156
3 458 70 351 212
2 414 503 406 167
3 105 557 744 194
2 8 798 941 305
3 681 215 599 169
2 398 603 721 169
2 420 757 215 224
2 361 711 8 236
2 531 925 242 287
2 82 168 802 217
3 668 357 588 291
2 180 666 691 391
3 149 171 372 133
3 890 368 607 319
2 224 810 863 256
2 387 655 195 145
2 632 727 174 298
3 986 672 819 38
3 124 302 490 227
3 699 124 562 88
3 355 83 209 286
3 131 431 957 92
2 156 236 874 254
2 13 382 800 233
2 223 242 756 179
2 51 741 877 188
1 108 967 467
3 59 561 660 150
3 283 288 787 287
2 449 563 645 113
2 183 192 541 115
3 952 140 438 108
3 497 315 470 58
3 491 600 876 262
1 472 498 319
2 390 609 884 240
3 7 430 468 196
3 572 812 921 210
3 48 203 345 147
2 625 813 852 118
3 951 163 913 149
2 893 915 916 213
2 677 905 613 96
1 582 152 345
2 80 118 686 93
2 236 279 804 135
1 595 732 428
2 698 929 507 254
3 183 193 293 234
3 682 366 645 196
2 146 536 667 185
3 853 481 825 146
3 869 57 723 258
3 746 404 531 308
3 410 421 669 140
3 292 541 747 285
3 202 566 643 210
2 825 977 665 97
2 97 106 792 289
2 229 781 840 301
3 608 822 825 78
2 781 899 407 106
2 10 650 753 21
3 793 345 430 97
2 541 672 281 224
3 468 688 785 121
2 166 383 681 157
3 699 82 445 88
2 100 394 877 163
2 144 550 67 80
2 371 579 762 147
2 149 165 903 6
2 17 311 7 248
3 365 570 840 237
3 608 87 542 227
2 86 615 791 116
2 780 781 317 77
2 667 741 588 34
2 77 308 703 141
2 211 446 612 294
3 24 327 986 174
3 864 110 792 244
3 187 195 775 118
2 113 354 806 247
2 445 830 156 231
3 667 348 608 197
3 368 58 212 170
3 6 50 498 210
1 454 87 567
2 461 625 965 220
3 266 418 791 225
3 835 444 615 88
2 185 373 805 92
2 160 509 756 231
3 957 364 604 155
3 423 470 598 268
3 980 210 253 120
2 133 484 689 287
3 88 385 733 208
2 281 904 273 272
1 398 876 337
1 976 348 483
2 935 980 620 49
2 502 900 371 12
2 864 976 447 86
2 489 576 482 179
3 259 346 981 289
3 415 129 142 112
3 855 390 422 132
3 535 615 682 76
3 220 222 464 282
2 76 548 654 166
2 269 904 183 279
3 657 319 623 116
3 747 157 314 129
3 49 63 627 367
2 58 278 899 222
2 49 431 853 159
2 779 867 484 248
2 896 978 772 181
3 116 367 839 280
2 18 103 640 298
2 140 264 494 81
2 195 598 810 197
3 116 5 45 223
3 25 176 986 262
2 100 432 541 192
2 469 739 365 237
2 310 667 976 241
3 423 667 981 261
1 383 575 378
3 675 18 295 274
2 675 736 414 245
2 33 967 20 143
2 925 964 382 91
3 772 575 693 224
3 510 849 969 32
2 108 271 697 192
2 263 306 376 184
1 806 848 262
2 90 750 912 240
3 562 592 682 227
2 506 812 27 237
2 198 223 439 182
2 802 810 464 97
2 423 938 115 143
3 368 527 919 157
3 866 447 802 339
1 402 338 325
2 111 427 770 163
2 78 388 423 256
3 124 406 913 239
2 387 596 231 123
3 880 221 582 130
2 645 688 439 166
2 503 796 824 302
3 630 110 486 210
3 269 512 692 135
3 334 386 692 203
2 61 370 485 259
3 727 186 343 292
2 856 923 558 59
3 693 532 653 170
2 119 459 802 232
3 71 204 504 196
3 626 505 509 108
3 665 163 281 95
2 111 370 526 288
3 714 399 618 176
3 938 206 350 228
3 157 400 569 256
2 314 449 295 226
2 107 524 578 136
3 76 272 618 276
3 832 333 434 140
2 388 506 962 63
1 730 340 452
1 188 117 517
2 667 728 432 200
3 122 209 765 365
2 544 715 512 131
3 583 162 493 119
2 400 558 201 251
3 78 532 949 232
3 491 672 775 262
2 234 392 509 235
3 655 174 536 156
2 526 574 337 18
3 929 319 526 288
2 556 761 249 250
2 570 966 239 157
3 49 109 367 332
2 145 335 593 23
1 195 956 344
2 543 711 961 107
3 294 437 459 288
2 159 468 807 169
3 920 52 473 158
3 496 201 355 219
2 35 440 844 108
2 352 613 28 265
3 513 675 846 397
3 534 594 641 142
3 814 119 366 86
1 746 53 285
2 415 835 334 203
2 608 758 580 238
3 765 203 337 267
3 632 159 564 267
3 392 949 957 36
3 964 678 872 262
3 126 591 782 279
2 381 676 43 164
3 296 432 697 133
2 87 781 75 327
3 936 550 891 149
3 227 789 887 215
3 394 483 536 83
3 29 792 927 54
3 161 493 919 239
3 266 370 591 225
3 223 542 967 277
2 658 888 600 207
1 782 627 439
3 849 362 565 199
2 279 456 914 43
1 122 45 136
1 101 275 331
3 901 474 821 82
3 925 323 395 113
3 647 763 962 89
2 265 486 534 148
2 755 953 424 85
1 749 675 319
2 568 703 810 197
2 300 584 876 269
3 723 100 713 412
2 171 281 390 254
2 3 94 237 372
2 51 471 945 157
2 577 727 532 77
3 32 882 952 20
3 808 661 791 231
2 354 586 93 429
2 214 859 863 256
3 43 580 688 146
2 745 802 540 104
1 564 598 352
3 163 596 658 223
2 851 923 723 357
2 156 262 367 18
2 334 461 234 184
2 744 758 834 163
2 453 702 321 22
2 631 634 478 16
2 338 669 898 156
3 156 624 982 224
3 629 933 980 193
2 199 560 814 96
2 156 519 550 186
2 512 514 788 126
3 929 454 829 300
2 907 983 5 239
3 118 455 947 253
2 87 320 506 104
3 922 751 882 232
3 545 57 445 217
2 506 738 471 244
3 728 48 406 107
3 703 263 386 156
2 869 968 464 142
3 83 519 673 116
2 34 336 761 123
2 631 880 158 121
3 327 465 961 144
3 460 805 889 75
3 487 5 419 372
3 179 344 475 55
2 145 626 4 123
1 899 18 285
3 96 244 629 270
2 733 840 46 154
3 805 142 698 104
3 378 770 813 85
3 76 706 876 269
2 387 476 60 133
1 985 194 454
2 640 806 413 161
1 537 45 355
2 648 762 646 211
3 142 169 393 353
2 390 498 895 222
2 254 722 197 340
2 417 795 819 315
2 210 401 842 187
3 392 480 506 122
3 160 221 818 92
2 710 832 945 137
3 283 974 975 30
1 246 894 419
3 413 444 692 168
3 36 461 735 268
3 451 472 931 284
3 686 544 565 38
3 792 68 761 329
3 987 198 433 236
2 951 965 256 176
3 683 308 567 143
1 206 453 379
2 379 533 352 107
3 129 750 849 113
3 791 417 546 82
3 383 639 935 280
3 675 265 293 165
2 431 938 356 258
3 820 147 633 212
3 659 141 392 187
2 620 672 936 131
3 283 910 913 167
1 842 186 398
3 499 305 416 130
2 594 903 304 137
2 189 232 143 117
2 657 703 736 219
3 451 477 719 284
3 834 45 513 183
3 947 334 922 377
2 81 450 524 156
2 206 355 679 215
3 947 148 726 377
2 230 509 845 173
3 879 202 454 237
2 190 339 443 197
2 244 592 70 165
2 328 506 791 104
3 829 680 683 132
2 46 93 460 156
2 318 551 762 135
2 240 508 927 258
3 390 225 241 184
3 224 538 852 64
3 232 476 861 196
2 648 778 543 265
3 160 320 762 92
3 862 777 836 4
2 535 605 639 135
3 599 33 531 230
3 124 609 959 232
1 800 694 337
2 66 156 331 95
2 124 742 977 286
2 709 928 565 188
2 470 759 166 223
3 335 367 614 222
3 261 673 709 110
2 846 918 580 190
3 788 28 296 270
2 374 423 723 343
3 24 518 829 174
3 852 186 698 125
2 18 188 706 293
3 920 401 786 145
2 220 377 559 72
3 295 473 908 238
2 172 927 13 205
3 317 514 750 241
3 639 385 564 101
1 382 896 394
3 556 144 186 218
2 906 915 316 61
2 516 575 718 152
3 351 461 967 143
2 512 544 908 229
3 249 478 811 250
2 149 855 43 164
3 146 555 797 287
2 705 751 361 181
3 372 552 581 315
3 370 476 545 70
2 16 166 827 280
3 607 175 595 179
1 429 539 319
2 819 831 394 10
3 566 139 412 227
3 79 191 922 281
3 87 470 945 85
3 164 10 18 30
3 532 554 640 93
3 428 775 829 172
2 694 761 395 206
