976 916 19
428 317 557 828 239 973 851 733 534 455 79 408 634 788 191 543 745 385 295 
2 425 960 398 114
2 490 497 396 112
2 190 590 708 175
3 175 402 433 170
3 264 677 853 254
3 790 272 689 355
2 458 521 395 87
2 454 954 348 226
3 705 1 588 129
1 4 220 423
2 795 923 487 333
3 847 440 582 173
3 507 724 968 80
2 222 520 95 247
3 8 464 903 201
2 232 270 766 201
2 240 336 871 186
2 439 660 866 226
2 93 206 813 126
3 500 662 828 358
3 676 89 208 255
2 734 910 614 137
3 694 205 605 256
2 502 565 315 115
2 490 573 484 185
3 321 495 939 196
3 400 660 675 206
2 552 671 497 365
3 235 284 929 262
1 71 857 443
3 485 709 851 84
2 462 545 441 60
3 751 91 417 151
2 295 795 254 181
3 874 45 314 137
3 515 17 347 209
1 907 178 521
3 769 493 528 150
2 561 877 467 99
3 767 7 248 208
3 49 526 602 51
2 491 810 447 176
3 817 650 688 96
2 421 496 671 183
3 375 436 902 156
3 568 26 524 210
1 632 625 391
1 243 371 360
1 667 966 457
3 763 27 70 117
2 510 948 311 237
2 356 530 675 28
3 253 483 718 370
3 238 704 709 195
3 554 168 535 34
3 666 407 579 108
3 561 83 259 264
2 167 615 32 130
2 647 795 169 119
2 15 77 720 287
1 262 652 377
2 776 932 469 103
2 522 609 670 204
2 341 907 170 150
2 345 470 222 184
1 108 432 572
2 630 876 492 207
2 206 301 615 24
1 107 787 404
3 683 4 419 215
2 680 760 226 52
3 610 314 467 98
3 679 323 368 148
3 170 270 779 150
3 838 328 458 208
2 667 847 200 153
3 386 102 103 24
3 598 771 828 171
3 848 500 692 364
1 95 509 386
1 768 2 499
3 273 572 888 149
3 58 553 750 185
3 400 250 331 182
1 212 183 529
3 592 188 208 98
1 971 633 510
2 7 182 702 122
3 62 652 665 105
1 742 839 338
3 802 516 574 203
2 106 266 937 142
3 891 87 436 147
1 699 852 345
3 108 461 754 160
1 405 14 557
2 28 546 824 326
3 922 409 649 127
2 486 925 357 139
1 799 803 541
3 825 21 72 197
3 241 314 743 249
3 621 359 566 149
3 29 403 791 305
2 176 366 442 132
3 207 615 739 106
3 734 436 460 278
2 876 945 384 113
2 223 564 13 164
2 221 504 509 109
3 212 314 921 134
3 826 496 663 181
2 869 948 548 74
2 369 532 555 231
3 120 528 871 106
3 251 654 878 54
3 554 47 120 18
2 308 970 211 203
3 923 6 438 183
1 825 554 477
2 59 290 32 107
2 821 903 934 56
3 312 42 50 193
2 249 374 897 9
2 31 42 973 265
1 160 206 570
3 160 258 696 265
2 215 588 612 85
3 350 5 264 187
3 622 790 949 136
2 134 297 427 204
3 79 223 321 117
3 846 156 393 246
2 439 616 773 135
2 860 970 597 164
1 65 187 480
3 391 282 320 385
3 245 751 972 116
3 86 91 565 192
3 667 605 660 132
3 496 652 950 69
1 613 953 482
2 214 562 841 81
3 253 98 214 347
2 236 248 743 91
1 195 83 496
3 809 154 408 148
2 221 525 731 222
1 702 432 512
2 149 571 51 231
2 408 755 846 265
3 579 739 852 152
3 108 396 445 80
3 696 540 562 158
2 151 156 722 38
2 135 560 28 265
2 70 285 549 139
3 394 491 951 223
2 270 659 112 295
2 271 565 89 196
2 76 240 694 233
3 462 235 386 152
2 629 910 564 120
2 681 895 120 62
2 82 302 851 141
2 477 918 81 275
2 709 734 608 138
1 90 34 483
3 564 104 536 136
2 241 934 947 176
2 578 781 329 305
1 502 944 304
2 191 340 54 197
3 523 16 372 196
1 130 647 340
3 838 264 314 156
2 37 71 552 65
2 457 630 196 211
2 368 624 306 236
3 208 251 926 378
3 456 678 959 155
3 393 404 749 180
3 48 198 549 228
3 491 827 963 182
3 453 673 721 120
2 610 774 114 181
1 532 962 521
2 958 971 261 83
2 716 919 576 173
1 213 544 449
2 548 821 336 321
3 968 229 481 161
3 177 289 907 278
3 72 265 548 158
3 339 587 652 72
3 196 310 559 199
2 110 124 781 12
3 693 43 657 315
3 18 146 499 110
3 671 120 548 183
3 325 267 317 110
3 657 121 578 200
3 705 827 975 101
2 302 527 248 281
3 393 517 861 180
2 408 929 159 184
2 199 454 882 113
2 344 596 690 129
3 95 254 698 259
2 83 202 354 131
3 125 384 511 90
3 874 274 361 113
1 31 603 493
3 899 171 448 85
3 186 761 778 35
3 123 620 711 105
3 497 308 495 353
2 42 67 328 343
2 125 140 319 189
1 545 589 429
2 30 209 924 133
2 312 540 667 167
2 188 255 284 298
3 315 88 307 138
2 631 900 542 396
3 942 470 871 166
2 110 487 632 293
3 477 194 274 159
3 876 202 372 52
3 556 608 968 166
3 631 500 563 115
2 841 924 474 335
2 564 965 457 243
3 437 442 892 217
2 2 430 752 157
2 18 230 754 80
3 429 436 850 186
1 927 151 427
1 790 687 314
3 745 161 291 131
3 948 522 538 33
3 698 487 656 139
2 501 539 638 107
3 89 445 582 208
3 495 620 741 108
2 77 181 855 115
3 308 560 924 244
3 806 269 341 232
2 126 686 106 213
1 545 290 464
2 782 836 234 267
2 55 325 808 167
3 819 290 693 293
2 126 485 698 127
3 518 558 676 259
3 330 822 896 222
3 798 461 794 140
3 144 604 713 99
3 40 84 493 175
3 490 124 314 163
2 535 546 384 55
1 728 591 384
3 754 397 590 103
2 827 967 664 144
3 132 197 961 145
3 649 83 138 278
3 2 441 814 239
2 393 927 314 281
1 783 893 498
3 313 134 302 229
2 246 645 658 163
2 256 652 974 28
2 410 674 767 231
3 258 318 572 232
2 302 794 800 144
2 700 947 278 298
2 460 807 198 150
2 502 705 874 160
3 257 30 233 110
2 332 363 222 149
3 53 416 473 212
2 712 785 518 201
2 23 217 574 249
3 447 32 151 148
3 742 273 727 193
2 504 762 786 62
2 36 320 962 176
2 153 452 121 158
3 799 643 780 184
2 287 332 258 168
3 591 347 393 226
3 436 691 900 88
2 269 482 44 131
3 852 15 777 266
2 422 896 203 142
3 901 71 186 115
2 836 912 188 106
3 720 70 605 315
2 354 416 680 156
2 95 560 836 151
1 218 222 441
3 725 68 141 223
2 450 760 919 185
3 360 503 671 47
2 349 819 935 112
2 99 411 820 108
1 233 914 518
3 136 354 944 194
3 329 524 879 345
3 486 130 176 74
3 808 103 654 190
2 440 608 130 323
3 515 717 966 204
2 747 825 455 126
3 410 454 825 331
3 741 776 955 32
3 865 508 766 218
2 470 842 316 135
1 257 662 571
3 676 697 843 220
2 420 747 354 174
3 235 472 611 262
1 532 865 502
2 468 824 864 160
3 667 169 213 156
2 54 188 912 321
2 489 603 248 293
3 303 530 854 85
3 973 830 886 269
2 348 537 714 87
2 247 920 114 221
3 134 200 446 114
2 118 573 783 232
2 671 794 516 139
1 912 300 306
3 287 433 444 144
2 724 770 245 84
2 86 577 730 299
2 527 673 270 143
2 65 275 481 56
2 389 407 958 98
1 690 381 468
2 422 799 248 293
2 4 222 926 72
3 28 440 803 277
3 164 375 669 223
2 506 691 814 208
1 315 842 353
1 604 64 404
3 52 232 305 81
3 483 572 668 90
3 311 684 863 193
1 854 941 376
2 551 900 319 268
2 494 648 23 241
2 186 581 869 146
3 678 29 307 202
2 722 826 466 82
2 648 735 817 96
3 813 280 651 149
3 760 63 109 166
2 370 391 102 255
2 622 707 909 122
3 581 365 512 75
2 181 667 915 185
2 80 640 821 316
2 495 549 407 147
3 11 562 976 104
2 174 282 420 158
2 74 292 961 93
3 735 748 927 45
2 629 765 965 107
2 541 925 406 82
2 620 677 715 143
3 271 672 922 165
2 284 881 914 160
2 158 766 780 202
1 27 233 473
3 539 156 351 178
2 655 934 559 312
2 477 660 667 179
2 453 905 391 449
3 56 231 508 175
2 2 287 531 176
2 45 339 758 159
2 466 825 951 112
2 4 415 589 171
2 786 824 256 85
2 736 972 559 312
3 310 10 126 48
2 855 907 681 242
2 787 864 278 282
2 314 451 638 130
2 139 206 947 153
2 843 849 425 154
3 560 734 752 109
2 684 887 255 363
2 727 791 581 27
3 386 520 865 288
2 883 899 815 304
2 727 910 39 37
1 36 290 447
2 826 975 383 131
1 67 876 507
3 440 20 155 115
1 743 389 362
2 30 208 668 68
2 372 379 849 25
1 70 495 437
2 342 935 267 184
2 687 952 385 114
2 187 950 83 219
2 457 786 950 371
3 445 452 670 285
2 349 546 105 54
3 820 423 496 115
2 446 523 901 146
2 245 878 144 139
2 178 844 86 204
1 671 410 332
2 468 570 580 388
2 444 732 218 199
3 109 314 361 115
3 526 759 852 184
2 323 496 13 164
2 79 108 536 20
3 939 157 407 352
2 740 946 676 250
2 107 360 904 270
2 197 228 119 161
2 585 707 502 242
1 866 583 411
3 851 115 501 152
2 768 901 714 71
2 192 414 90 138
2 681 904 975 180
3 531 342 416 180
2 800 953 474 335
3 665 12 226 43
2 349 412 247 146
2 656 701 653 329
2 101 631 95 259
2 149 424 751 151
1 242 42 446
3 691 124 558 167
1 831 913 444
3 307 486 530 95
3 700 141 505 253
2 442 872 386 288
1 953 462 389
3 901 345 495 146
1 392 340 597
3 349 462 825 89
2 229 778 2 239
2 203 768 102 274
2 78 700 943 133
2 565 758 919 185
2 186 299 183 150
2 454 666 113 166
1 601 485 528
1 247 175 463
3 6 73 822 186
2 478 655 698 139
2 200 615 663 233
3 650 933 946 120
3 541 91 466 132
2 595 840 414 62
3 632 587 625 258
3 867 738 854 72
2 169 264 474 340
3 482 29 94 112
2 382 722 58 185
2 297 938 86 204
2 521 595 208 378
2 289 486 663 221
3 532 371 500 104
2 645 897 186 127
3 372 535 659 209
3 418 498 656 183
2 616 634 819 244
3 837 638 763 192
3 518 519 586 259
2 418 692 284 321
3 786 259 742 62
2 290 890 76 100
2 624 744 332 191
1 437 210 429
1 224 548 429
2 63 451 949 59
3 485 559 790 128
2 409 953 265 157
1 35 274 451
3 251 292 852 94
3 169 540 851 159
3 783 812 826 114
2 168 829 883 196
3 183 336 463 161
2 352 420 774 141
3 363 365 674 310
2 387 770 45 214
2 522 525 775 73
2 287 824 216 143
1 359 704 501
2 419 553 123 133
3 414 627 792 62
3 280 754 879 90
1 16 190 429
1 474 847 342
2 822 901 447 148
3 79 327 535 169
2 197 333 128 142
2 554 662 868 151
3 143 519 914 347
3 818 177 408 128
2 294 649 14 147
2 263 412 617 94
3 938 639 841 153
3 311 484 939 237
2 126 326 494 193
2 362 764 825 225
2 455 470 80 50
3 28 29 526 265
3 742 138 712 193
2 701 754 369 127
2 250 509 176 131
2 176 533 633 160
2 185 814 875 83
1 820 570 495
3 177 230 818 278
1 3 877 460
2 640 684 585 36
2 784 938 385 114
2 360 438 216 124
3 93 115 589 160
3 2 33 472 227
2 532 884 118 184
1 895 26 327
2 816 854 746 216
3 195 363 764 121
2 152 168 172 76
2 527 673 35 182
2 45 162 306 208
3 918 520 586 121
3 536 861 897 58
3 346 64 106 108
1 253 934 424
2 228 412 182 293
3 228 720 931 164
3 229 171 220 398
2 827 880 20 91
3 404 649 650 107
3 328 777 879 350
3 345 54 280 133
2 695 915 572 56
3 512 158 173 65
1 408 972 394
2 381 615 896 201
2 388 623 374 19
3 889 436 510 174
2 128 311 576 178
2 513 696 720 315
3 361 534 775 138
3 884 96 244 115
2 616 629 278 277
3 626 257 371 145
2 9 398 647 112
1 724 121 533
3 625 384 484 150
3 438 615 696 164
1 431 352 543
1 632 878 391
2 205 362 509 98
3 944 543 712 272
3 730 95 171 233
3 259 697 846 74
1 298 498 349
1 566 534 383
2 423 753 791 267
2 871 940 149 170
3 697 175 194 69
2 379 443 334 118
3 652 202 344 87
2 88 403 605 229
3 151 37 94 130
3 97 66 68 132
3 533 586 681 129
3 773 519 659 135
2 20 109 724 104
3 521 78 180 336
2 529 585 881 176
3 594 355 384 125
2 528 877 392 118
3 457 92 437 224
3 409 187 380 145
2 348 385 864 141
1 353 934 621
2 234 318 558 84
2 541 897 427 227
3 801 130 731 309
1 384 925 572
2 372 727 310 76
2 379 424 341 127
2 674 963 219 123
2 415 746 397 186
2 61 589 774 160
2 214 591 804 232
2 86 473 903 194
1 585 175 552
3 962 20 570 199
2 405 532 377 173
3 463 761 927 297
3 737 8 445 227
2 560 817 335 178
2 425 752 214 151
2 680 852 102 230
2 295 513 193 263
3 169 244 926 159
2 611 746 551 108
3 720 858 902 287
3 692 171 231 214
3 729 337 592 248
2 732 852 391 405
2 663 820 406 42
1 72 354 389
2 313 643 83 219
2 533 690 842 239
3 905 224 852 266
1 521 193 241
1 762 174 359
2 7 127 458 118
2 699 763 692 179
2 563 797 972 327
3 14 116 125 45
2 670 946 432 76
3 753 34 490 148
3 277 292 938 296
2 373 908 358 341
2 87 319 557 195
2 731 762 256 87
3 537 702 838 181
1 380 851 427
2 534 649 103 264
3 606 23 268 153
1 209 737 341
3 644 170 222 120
3 225 320 973 162
3 402 592 767 89
3 174 675 862 188
3 119 600 647 137
3 248 618 943 265
2 214 567 823 222
3 452 529 960 328
3 738 77 699 151
3 949 541 905 72
3 27 69 214 224
2 635 672 269 150
1 193 643 336
1 659 428 512
1 707 811 495
2 250 431 896 182
2 30 802 970 132
2 500 512 373 95
2 364 714 164 223
2 369 827 260 132
2 209 722 57 205
3 541 126 206 121
2 555 843 889 186
3 839 371 812 217
2 146 200 586 336
2 153 347 363 287
3 239 293 424 111
2 319 848 55 185
1 975 852 384
3 658 840 871 119
3 485 216 459 116
3 104 724 810 67
3 539 601 632 154
3 467 692 937 71
2 85 121 646 86
1 218 236 510
1 948 61 506
2 298 974 178 86
2 507 673 388 109
2 502 684 806 279
2 425 820 926 95
3 569 165 265 179
3 719 310 684 202
2 104 662 757 229
3 974 536 819 28
3 441 758 794 34
2 129 867 2 239
3 901 66 882 158
1 624 672 417
2 546 783 144 139
3 62 220 272 77
3 336 765 790 259
2 476 891 313 252
1 2 729 278
2 574 887 427 187
3 351 712 733 92
2 842 891 555 199
3 935 776 836 50
2 129 361 898 163
1 803 381 596
3 298 321 323 94
2 304 602 772 170
2 610 967 480 193
1 614 171 360
3 405 711 928 104
2 334 804 915 185
2 702 953 364 117
3 23 200 506 229
1 774 581 486
3 931 217 376 105
2 777 872 774 116
3 833 286 504 283
2 346 674 314 281
2 143 358 460 154
2 404 731 399 228
1 951 228 411
3 515 161 462 220
3 762 8 132 133
3 275 376 946 132
2 379 547 327 159
3 3 348 451 162
3 540 92 183 177
2 686 792 406 24
2 689 930 259 104
3 761 634 707 101
2 333 912 236 127
2 136 395 403 61
3 5 618 782 188
2 72 207 504 143
2 552 685 512 163
2 189 452 576 188
2 54 293 417 196
2 237 316 364 81
3 65 306 779 208
3 534 875 881 46
1 314 820 428
2 703 954 493 79
2 315 815 134 133
2 596 603 783 131
3 392 109 154 39
3 60 174 392 129
2 52 115 164 195
1 136 911 402
3 768 702 760 62
2 56 505 816 106
3 64 165 664 108
3 932 627 661 247
2 358 828 130 323
3 115 231 683 114
3 105 615 849 26
3 295 97 267 151
2 762 855 596 147
3 545 33 108 86
3 526 788 837 157
1 383 811 402
3 282 28 65 126
1 957 451 499
1 471 225 447
3 485 751 789 66
2 700 846 869 88
2 545 877 85 148
2 629 737 345 116
2 470 666 371 248
3 562 138 285 114
2 162 721 786 62
2 652 907 506 139
2 289 492 712 147
3 789 192 540 128
3 675 196 536 28
2 672 759 629 113
3 699 277 626 247
3 3 423 945 175
2 119 197 475 322
3 616 763 770 42
1 745 222 416
1 583 811 466
3 930 79 595 151
2 577 876 355 263
3 875 287 829 83
2 352 529 124 100
3 41 234 595 216
3 817 583 733 96
3 106 429 606 213
3 809 513 715 167
2 706 969 424 233
3 768 354 533 108
2 675 861 572 44
3 547 1 196 161
3 607 236 547 151
2 352 608 684 153
1 917 682 361
3 361 155 183 95
3 514 106 128 69
3 699 58 565 235
2 127 404 704 112
2 524 563 469 85
2 330 582 689 88
1 657 383 477
3 116 688 737 166
1 534 59 359
3 804 538 758 232
3 667 149 280 156
3 541 87 496 132
3 333 438 882 242
3 499 726 805 163
1 535 222 351
3 354 745 814 113
2 568 895 137 157
3 376 423 742 173
2 402 414 376 93
2 193 680 936 156
2 678 851 231 346
3 796 33 646 79
2 816 817 164 105
3 364 458 862 145
3 835 31 516 166
2 611 906 522 110
3 683 54 85 206
3 975 488 787 208
3 343 443 814 186
3 890 409 572 165
3 869 504 525 42
2 683 904 383 131
2 374 404 303 66
3 620 880 932 248
3 471 98 135 58
3 696 293 428 185
3 112 642 885 255
2 276 425 682 211
3 925 158 675 123
2 507 650 217 229
3 851 185 760 164
3 700 111 227 242
3 197 725 962 114
3 246 359 714 342
2 634 833 609 172
2 433 502 111 157
2 399 697 949 72
3 492 504 545 161
3 118 894 969 156
3 216 768 849 99
2 832 908 556 166
2 859 975 245 116
2 660 914 366 82
2 195 798 844 304
3 676 814 960 250
2 169 247 475 342
3 271 500 911 193
2 11 84 435 109
1 672 539 285
2 319 678 74 158
3 541 703 918 116
3 411 692 969 176
2 788 942 537 211
2 860 881 358 275
3 604 62 101 193
2 489 691 878 162
2 511 704 317 207
2 240 460 920 69
3 586 805 825 273
3 718 373 419 108
3 604 432 478 209
2 516 725 265 157
3 826 102 294 158
3 17 814 934 112
2 110 158 555 164
2 522 948 28 277
2 25 273 821 293
3 503 215 277 104
3 722 436 716 182
3 130 154 437 304
3 45 77 248 191
2 379 953 158 147
3 45 142 646 214
3 571 840 975 307
1 429 236 420
2 78 265 869 123
3 346 530 762 136
2 261 371 545 67
3 975 104 512 196
3 658 101 193 120
3 876 893 972 47
3 363 83 226 287
1 76 154 464
2 464 739 161 250
3 949 787 825 1
2 58 213 9 135
3 891 155 653 166
3 515 112 412 213
2 304 310 635 232
2 530 956 462 171
3 486 266 395 148
3 554 827 855 2
1 924 166 419
1 370 387 488
2 708 837 382 166
3 449 702 731 151
2 80 111 486 101
3 506 653 879 127
2 389 666 812 145
1 800 697 580
2 68 336 598 210
3 780 61 201 174
2 104 527 806 267
3 636 232 529 162
2 215 941 119 184
3 856 134 272 374
3 510 336 394 106
1 190 169 443
2 212 218 821 277
1 835 441 459
2 31 34 296 138
