971 911 20
766 623 438 16 177 835 423 387 659 572 675 778 541 673 452 765 524 53 150 658 
3 663 526 592 137
2 673 716 2 306
2 81 756 859 173
2 28 574 827 242
3 494 551 904 365
1 136 953 361
3 307 423 904 92
3 523 806 866 147
2 484 617 962 54
2 597 936 311 201
3 27 129 939 238
3 807 125 378 208
2 14 294 721 291
3 13 204 590 262
2 616 645 452 100
2 432 854 128 162
2 262 551 243 296
3 770 607 767 288
3 751 557 700 287
3 679 113 477 213
3 369 588 821 280
2 111 727 89 391
2 252 582 957 373
2 697 717 900 117
3 333 394 904 217
3 372 401 867 309
3 753 306 479 207
2 307 519 589 249
2 315 529 169 210
2 551 856 208 345
3 94 125 763 199
3 698 761 878 203
2 888 906 406 199
3 363 120 338 164
1 854 116 369
1 864 474 283
3 202 728 759 50
2 165 479 935 143
3 270 279 731 276
2 288 310 604 246
2 17 22 199 152
3 633 132 383 311
1 840 539 440
2 495 520 236 126
1 721 275 270
3 426 727 935 360
2 323 664 308 303
2 27 861 923 276
3 304 371 494 116
2 360 595 654 132
1 251 895 376
2 56 326 842 165
3 125 133 819 255
3 629 8 142 325
3 63 296 853 261
2 455 770 97 262
3 55 127 381 193
3 555 25 120 286
2 271 567 908 255
1 616 578 392
3 264 399 901 139
2 350 613 85 184
3 482 214 301 378
2 375 405 868 218
2 482 914 181 310
2 309 964 196 268
3 64 343 719 177
3 743 348 575 177
3 307 548 801 92
3 91 505 741 197
3 833 351 504 256
3 531 558 711 201
3 524 627 640 282
3 296 257 264 238
2 274 297 818 221
1 205 338 411
1 129 163 407
3 499 532 599 226
2 561 933 527 205
2 209 540 30 228
3 453 307 347 278
3 924 612 874 351
2 418 425 361 233
1 817 658 302
3 905 345 856 232
3 553 846 965 138
2 549 650 389 305
1 359 784 261
2 246 625 911 163
2 475 944 372 309
3 650 609 648 156
3 107 249 296 203
3 721 82 633 306
1 105 66 475
2 277 345 230 276
3 950 729 876 102
1 738 220 424
3 95 110 547 194
2 87 142 188 194
1 167 61 464
3 593 109 257 194
3 398 248 279 353
3 748 34 607 125
2 761 874 59 165
3 427 455 747 288
3 74 398 547 307
2 187 365 439 279
2 231 250 897 262
3 78 917 943 88
3 236 744 953 213
2 208 453 203 297
3 484 557 924 348
2 492 702 788 284
2 454 796 100 272
2 758 880 159 226
3 886 184 273 336
3 527 743 941 189
1 239 111 374
3 807 39 455 208
2 122 861 83 15
3 186 657 818 203
2 337 696 724 292
2 143 917 959 383
3 922 42 425 279
2 95 534 687 219
2 118 517 697 297
2 156 292 833 277
3 946 317 761 350
3 663 119 386 197
3 126 714 846 150
3 775 184 379 304
1 448 824 621
2 477 542 948 116
3 128 611 951 162
3 573 299 458 152
2 548 727 201 258
3 406 101 247 273
2 426 437 183 225
1 405 356 416
2 642 843 612 322
3 131 791 971 188
3 71 270 614 319
2 269 301 689 150
3 892 803 806 91
3 626 26 27 109
3 205 298 672 251
3 485 233 434 393
2 369 563 910 288
2 758 919 562 222
2 336 804 38 279
3 480 10 298 310
3 126 497 898 166
3 746 535 682 128
2 266 550 791 290
3 969 442 824 249
3 740 38 352 256
3 91 279 432 218
2 73 748 780 403
2 207 790 963 302
2 428 612 642 158
1 201 590 249
1 242 406 453
3 736 240 277 194
2 251 515 18 213
2 104 726 834 305
3 814 242 350 257
3 323 475 852 219
3 73 161 778 263
3 228 853 900 79
1 487 185 424
3 753 94 342 186
2 277 422 220 257
3 87 114 330 203
2 734 742 704 255
2 513 636 890 221
2 253 299 442 251
3 217 893 917 90
2 422 877 186 203
3 723 33 507 281
2 625 854 546 187
3 737 234 367 131
2 401 950 957 352
3 234 322 798 321
2 505 722 435 287
2 558 593 710 56
2 119 148 308 209
3 339 361 820 235
2 9 607 625 175
2 113 319 735 124
3 964 307 572 197
1 75 890 318
1 361 691 306
2 590 639 674 223
3 155 377 847 306
3 292 609 856 184
3 542 38 163 170
2 429 565 823 196
3 907 454 756 410
3 407 563 567 27
2 194 738 884 242
2 129 233 433 216
3 180 195 907 304
3 802 211 335 267
1 925 386 446
3 211 721 771 69
2 166 784 164 145
3 758 168 273 261
3 834 506 723 284
3 713 495 572 169
2 532 880 235 335
3 745 136 399 387
2 229 417 167 154
3 628 401 429 116
2 46 75 234 200
2 149 345 398 374
1 831 216 399
3 709 924 943 41
3 315 487 832 131
3 218 411 786 268
2 170 240 422 79
3 61 845 898 201
2 775 900 485 356
1 497 697 367
2 453 936 31 123
3 404 566 833 303
2 630 713 584 148
3 461 438 458 77
2 34 345 485 393
2 17 56 696 162
3 929 763 816 252
2 283 818 209 236
3 271 288 374 350
3 731 364 538 244
3 627 429 513 132
3 372 604 930 309
2 646 903 388 270
3 198 383 473 274
3 743 147 297 198
2 104 149 745 293
1 900 882 255
3 857 258 524 103
1 944 331 447
2 647 703 492 189
2 759 778 285 126
3 866 68 840 284
3 445 227 411 263
3 608 862 960 90
2 327 634 883 274
2 693 776 559 124
2 656 754 836 287
2 409 629 368 169
1 422 213 621
3 40 64 504 218
2 888 938 612 243
2 103 792 64 177
2 62 72 96 59
2 679 948 508 339
3 773 148 379 338
3 869 69 73 48
2 277 359 918 100
2 22 623 770 309
3 43 402 830 254
1 837 962 565
3 259 328 737 224
2 229 463 104 310
2 403 961 68 187
3 123 521 601 98
2 662 792 262 169
2 93 389 580 155
3 182 554 839 219
2 283 893 262 190
3 101 653 911 246
2 177 241 617 201
3 680 13 650 175
3 115 461 768 283
2 23 213 473 268
1 672 773 207
2 233 755 169 210
3 639 162 411 305
3 759 97 473 236
3 359 418 418 35
2 471 622 962 54
3 156 382 883 116
2 683 828 577 178
2 419 771 885 253
3 85 380 744 186
1 732 348 310
3 931 3 587 319
3 898 516 756 409
3 486 70 141 292
1 826 133 411
3 550 93 178 184
2 709 726 271 199
2 235 893 43 275
3 563 293 552 190
2 233 412 524 412
3 948 68 909 176
3 932 203 330 166
2 391 632 903 139
2 440 765 406 319
3 99 581 597 183
2 151 203 497 39
3 210 792 820 209
2 99 208 431 309
2 51 147 431 379
2 63 120 184 240
2 221 530 659 247
2 857 885 131 122
1 800 76 320
3 363 399 721 164
3 55 242 286 172
2 1 334 621 368
3 823 696 819 191
2 298 607 616 182
2 671 947 172 242
2 578 888 891 120
2 28 124 299 165
1 10 785 263
2 234 467 628 193
1 659 912 388
2 282 303 791 127
2 163 710 823 256
3 165 322 769 255
2 42 179 545 368
2 392 491 870 180
2 79 556 944 224
3 586 93 143 130
2 870 950 408 165
3 940 45 726 347
2 29 168 723 266
3 599 794 902 132
2 435 538 577 108
3 834 182 588 305
2 299 750 139 185
3 517 71 160 321
2 450 487 203 140
2 333 564 43 275
3 38 142 486 279
3 132 658 968 243
2 933 963 829 190
2 226 351 110 217
3 76 393 577 212
3 703 87 486 258
2 365 514 50 229
2 562 871 462 261
3 960 372 806 373
2 360 545 820 242
2 25 489 547 306
2 360 400 726 201
2 523 892 458 202
3 890 297 768 244
1 967 459 304
3 382 111 200 44
3 479 111 352 271
3 855 31 647 235
2 359 728 828 186
2 137 272 707 155
2 477 540 448 144
3 479 72 441 271
3 467 106 336 317
2 213 591 720 246
3 795 44 210 351
1 549 297 285
2 312 412 546 208
2 703 894 952 286
3 206 595 617 126
3 514 209 354 263
3 250 363 380 162
2 425 732 221 269
2 219 843 57 395
2 75 276 698 225
2 164 646 850 307
2 377 630 234 298
2 239 600 812 224
3 93 98 525 276
2 274 584 919 149
3 532 166 414 255
2 803 830 444 205
2 353 495 768 173
3 516 686 878 283
1 829 752 300
2 575 939 391 126
3 664 270 517 384
3 157 458 932 338
3 26 684 814 133
2 491 705 771 197
1 538 944 530
2 907 933 381 190
2 27 52 844 185
3 94 672 908 178
3 18 478 521 89
2 14 353 360 262
3 542 185 252 138
2 811 873 364 215
3 749 329 359 246
3 273 704 796 67
3 938 646 727 303
2 449 630 111 206
3 122 202 964 357
3 173 82 101 335
3 493 637 740 247
2 717 907 404 287
3 698 237 355 240
3 12 544 716 351
3 51 166 523 223
2 414 508 748 48
2 568 776 362 253
3 613 5 557 252
3 487 152 292 147
3 417 488 593 213
1 585 102 386
3 739 474 541 153
2 591 844 940 326
3 475 481 675 344
3 691 597 599 137
3 776 401 475 252
1 876 435 410
3 171 425 683 165
2 583 664 514 240
3 840 380 587 98
2 410 642 352 243
3 434 723 967 320
2 160 300 22 345
2 869 945 396 209
2 216 438 551 364
3 69 147 841 308
3 889 270 794 220
2 625 759 127 226
3 398 17 174 359
2 497 898 38 258
3 117 772 890 161
2 256 627 874 256
2 31 395 557 298
3 635 9 616 130
2 252 619 774 307
3 131 760 852 188
3 810 54 68 74
3 624 668 721 224
2 187 418 114 376
3 888 262 316 228
3 676 224 570 130
3 881 158 679 237
2 267 817 831 302
2 455 761 327 311
3 757 317 349 225
3 208 426 788 345
3 947 146 922 361
2 291 683 738 178
3 574 192 421 299
3 233 737 739 11
3 418 514 639 306
2 715 952 112 181
2 62 276 878 236
2 112 782 931 319
2 772 885 468 264
2 201 495 815 325
2 325 502 575 216
3 376 537 683 231
1 320 77 244
3 23 208 743 367
3 388 644 847 270
2 486 839 195 64
3 820 269 627 302
3 336 505 842 199
2 266 314 626 163
2 173 252 799 244
3 610 772 901 242
3 779 213 606 222
3 12 144 764 372
3 674 208 331 225
2 77 219 600 405
3 528 1 515 275
2 822 959 479 234
2 456 854 301 160
3 201 449 473 122
3 442 182 263 251
2 440 458 80 136
3 92 141 845 244
3 561 630 880 377
1 954 16 324
3 128 352 607 160
2 827 895 633 208
2 382 668 301 158
3 478 496 658 268
2 694 832 332 311
2 100 534 716 328
2 120 123 375 258
2 141 212 707 91
3 175 562 650 128
2 102 112 664 167
2 565 598 914 243
3 31 194 702 144
1 887 282 390
2 618 947 274 139
2 588 742 90 190
2 302 361 279 100
2 478 506 514 139
1 481 322 387
3 870 520 762 236
3 749 203 704 246
3 548 600 694 130
1 865 85 487
3 723 244 671 281
2 207 878 921 383
3 804 237 267 44
2 163 179 398 229
2 129 189 455 84
3 253 384 530 216
3 110 313 597 217
2 405 411 621 249
1 181 538 423
2 759 907 422 109
2 650 826 207 243
1 50 486 238
3 69 772 840 271
1 952 514 336
3 363 724 838 148
2 113 334 338 223
3 900 150 206 183
2 74 184 601 97
3 98 625 888 339
3 143 195 742 94
2 434 735 293 199
2 191 697 7 302
2 244 358 93 276
2 541 574 587 256
2 516 768 396 288
1 307 92 431
2 817 966 679 176
3 482 97 169 305
2 526 664 827 219
1 62 410 314
3 37 388 421 71
2 263 351 872 276
3 920 696 846 237
2 76 403 577 199
2 491 562 574 239
2 488 945 335 299
2 756 854 967 286
1 479 456 316
1 755 802 394
2 9 186 360 247
2 59 218 328 277
2 842 938 603 99
2 79 269 685 153
3 297 78 199 310
2 292 296 182 77
2 4 85 171 173
3 885 169 592 274
3 805 212 650 170
1 453 966 418
2 61 70 379 106
2 406 802 933 149
2 91 471 807 208
1 576 136 471
3 241 387 429 161
2 358 637 1 453
2 143 281 510 272
2 549 691 400 211
2 274 574 197 248
2 327 765 934 253
3 402 14 50 81
2 145 184 613 115
3 477 490 648 256
2 418 475 523 107
3 966 371 505 86
3 485 43 99 378
1 835 680 301
3 114 809 901 339
2 848 913 592 84
1 290 29 389
2 570 750 853 275
1 419 45 550
3 181 213 625 331
2 601 651 485 281
3 159 577 829 242
2 590 833 400 211
2 632 875 170 253
3 889 381 854 199
2 535 564 618 155
2 79 231 584 154
3 501 351 499 231
2 351 386 486 265
3 80 887 907 86
3 841 104 457 332
3 408 174 311 244
3 227 710 830 341
3 434 521 638 334
3 551 68 494 364
3 578 618 848 193
2 314 474 545 383
2 492 675 75 219
3 786 43 733 84
1 883 460 384
3 89 90 201 306
2 249 486 922 279
3 590 87 277 373
1 627 639 394
1 443 759 327
3 755 390 479 100
3 64 159 680 177
3 228 472 537 58
3 415 590 594 145
3 612 705 733 192
2 232 475 619 192
2 336 819 265 280
2 83 738 8 330
3 659 223 494 247
3 106 285 542 221
2 229 542 616 182
2 551 755 548 130
3 838 543 655 335
2 458 631 353 117
2 558 585 323 96
3 322 433 746 286
3 581 108 305 320
3 68 883 944 108
1 19 2 317
3 152 299 563 250
1 233 78 592
2 165 459 531 222
3 154 368 390 212
3 577 802 914 162
2 676 949 236 229
2 475 861 189 262
2 422 491 17 285
3 426 33 98 382
2 133 453 104 310
2 68 364 609 252
2 93 408 704 386
3 242 425 834 108
2 167 177 478 140
3 17 232 295 355
3 83 243 560 15
2 84 90 739 6
2 94 319 381 269
3 184 58 138 240
3 747 199 525 203
2 223 678 48 312
2 411 429 457 209
3 82 395 448 223
1 827 732 345
3 351 374 625 19
1 948 616 501
3 558 198 344 272
3 5 749 841 195
2 808 925 462 245
3 77 605 822 282
2 821 866 799 254
2 177 195 360 177
1 251 482 201
3 872 350 818 255
3 400 360 392 103
2 453 504 342 184
3 613 664 920 231
3 829 20 40 148
1 99 61 412
2 27 204 797 99
1 194 604 225
3 765 179 215 234
1 172 161 342
2 479 719 348 256
2 329 534 63 261
3 413 470 472 88
3 946 388 552 290
2 706 878 671 123
2 59 188 758 267
2 359 718 907 410
2 235 339 864 332
2 143 842 83 15
2 233 316 785 254
2 891 970 847 184
2 115 208 637 163
3 132 194 829 264
3 354 256 277 219
2 403 932 192 123
2 418 630 32 341
2 443 500 415 241
2 541 600 799 268
2 271 512 222 243
2 153 420 706 303
3 230 709 793 192
2 627 876 381 269
3 703 215 490 258
3 336 662 792 199
2 316 692 216 221
2 224 266 288 255
2 261 881 54 226
3 700 148 377 152
3 952 116 723 323
3 570 673 925 317
1 449 706 250
3 927 383 398 76
2 768 848 757 188
3 612 663 721 322
3 758 201 629 282
2 856 941 170 174
2 313 537 816 267
3 64 673 797 156
2 647 858 322 286
3 743 345 520 177
3 875 211 437 205
2 103 383 519 397
1 206 163 569
2 97 187 536 85
2 303 465 758 282
3 406 654 724 319
2 189 334 360 241
2 369 392 707 47
2 44 304 811 255
3 390 51 83 292
3 513 586 942 253
3 142 412 514 185
1 912 471 298
2 427 701 355 310
3 412 842 951 143
3 356 180 211 178
1 647 844 285
2 12 247 284 271
2 487 699 746 130
1 471 830 556
3 148 186 600 286
1 958 162 250
3 567 690 850 325
3 231 421 823 233
3 566 705 963 273
3 738 449 486 21
3 211 273 676 194
2 154 287 570 317
2 52 291 350 326
2 661 784 367 325
3 648 169 221 239
3 774 268 673 307
2 536 920 428 388
2 2 747 955 346
3 265 528 898 259
2 312 591 767 324
3 133 148 605 277
3 370 393 810 234
2 624 728 392 258
1 161 639 284
2 547 880 411 198
2 507 641 882 280
3 227 639 749 357
3 378 465 666 167
3 795 112 318 345
2 76 144 865 187
2 687 705 182 88
2 66 174 354 225
2 536 774 247 261
3 172 10 75 144
2 202 523 64 177
3 496 239 418 294
3 770 65 476 309
2 7 534 758 282
2 230 352 170 274
2 183 764 33 193
2 376 599 745 364
2 536 773 517 315
2 272 434 923 276
2 463 942 957 352
3 288 340 892 276
3 250 255 827 347
3 805 202 232 103
3 961 222 934 241
3 62 131 256 270
2 694 871 433 246
3 553 429 497 124
2 502 763 766 277
2 770 873 481 191
3 927 355 574 162
2 250 439 754 343
2 136 567 926 352
2 286 798 257 21
3 651 58 205 260
2 504 909 366 240
3 512 63 188 230
1 150 772 369
3 583 797 825 261
2 417 516 967 246
1 365 222 482
2 33 359 912 287
2 75 419 711 227
2 842 896 797 11
3 280 726 963 389
3 578 614 817 193
3 306 807 930 268
2 268 348 912 287
3 603 226 455 199
3 419 266 273 43
2 200 541 769 335
3 267 381 793 199
3 148 165 604 286
3 847 205 502 261
2 80 335 847 246
3 961 329 588 241
2 104 273 968 160
3 489 210 283 249
1 548 696 490
3 467 869 874 91
3 266 693 932 308
3 196 241 245 139
2 142 332 610 258
2 716 911 355 294
2 234 510 675 414
2 493 951 294 291
1 535 402 407
3 531 217 310 201
2 177 291 795 345
2 407 836 53 225
3 857 38 772 103
3 916 95 262 286
1 964 725 439
2 341 602 924 372
2 217 650 768 250
2 542 548 211 43
2 234 248 7 173
2 114 581 735 145
2 306 381 440 215
1 738 291 354
2 71 284 789 227
2 724 963 403 219
2 334 380 601 112
3 899 87 487 185
2 276 465 15 197
3 250 439 799 326
2 779 868 22 329
2 838 889 693 239
3 312 455 935 354
3 28 273 307 270
2 371 463 598 228
3 814 42 183 242
2 110 417 751 308
3 891 67 662 141
3 509 899 913 5
3 62 243 850 317
2 70 384 607 315
3 490 571 755 302
1 748 445 534
3 855 454 485 76
2 265 528 707 176
3 940 259 872 347
2 230 533 623 278
2 369 493 2 250
1 915 197 285
3 679 105 292 192
3 566 589 777 289
1 726 632 317
2 96 409 680 175
3 10 86 747 250
3 604 53 434 359
3 428 252 386 409
2 56 852 906 186
3 763 33 169 298
2 54 336 905 238
2 140 908 101 267
1 773 179 306
1 432 627 402
3 109 821 889 238
3 415 588 765 311
3 100 417 840 272
3 447 69 372 389
2 152 601 957 373
2 286 632 97 283
3 71 827 839 195
3 243 438 639 273
1 576 798 449
3 367 434 471 255
2 412 456 752 252
2 16 29 512 91
1 350 704 179
2 252 729 231 254
2 477 941 252 218
2 378 868 337 243
3 207 300 475 264
2 635 798 157 338
3 692 296 628 358
1 254 3 500
2 309 949 8 330
3 955 329 844 346
3 68 620 654 78
2 51 525 5 232
3 624 315 616 245
3 291 743 861 353
2 338 342 284 112
2 662 767 560 173
2 154 241 731 254
2 434 722 332 327
3 437 928 938 146
3 599 474 505 45
3 793 352 377 168
3 190 386 851 268
3 482 673 852 378
3 954 578 912 180
3 644 120 126 78
2 109 535 582 285
3 304 426 686 172
1 872 63 305
1 16 834 246
2 264 386 505 331
2 423 639 803 189
2 179 195 556 87
3 184 200 268 234
2 639 708 486 286
1 805 925 402
2 228 246 432 229
3 154 813 929 304
2 763 932 176 296
1 105 766 346
2 206 284 567 341
3 355 502 535 202
