928 984 10
574 551 207 278 457 642 1 486 732 7 
1 93 263 307
3 450 614 652 194
2 246 368 587 304
3 51 337 587 127
3 687 99 385 159
2 284 793 108 148
3 169 545 696 237
3 247 410 795 260
3 271 578 739 182
3 883 421 805 340
2 64 334 596 316
2 411 701 872 315
3 398 429 610 225
2 383 412 15 128
2 52 100 757 124
3 505 34 112 151
3 163 626 696 265
2 277 375 486 185
3 327 23 145 277
3 673 93 661 143
3 166 568 879 262
1 882 649 496
2 497 539 266 71
2 697 882 276 175
2 148 233 35 89
3 567 724 810 131
2 495 715 449 243
3 905 636 878 230
3 272 72 248 143
3 848 307 675 305
2 495 552 903 95
2 545 641 53 193
2 73 337 786 294
1 861 452 408
2 737 906 237 148
2 131 266 764 235
1 868 131 336
2 199 610 113 23
3 468 97 362 417
3 296 356 448 169
2 271 342 711 247
2 136 329 618 298
2 67 192 461 351
3 614 727 850 302
2 122 193 502 214
2 358 421 186 281
2 204 228 719 2
3 708 581 634 211
2 315 368 151 85
2 671 816 260 270
2 222 634 659 214
2 217 590 176 209
2 586 717 152 144
3 371 381 885 276
1 353 204 402
3 3 601 876 92
3 626 690 896 243
1 124 546 435
3 35 469 551 70
3 899 454 489 319
3 505 136 349 126
1 266 227 456
3 197 447 613 121
2 638 757 464 144
3 358 536 693 62
3 580 900 924 235
3 315 780 805 241
3 499 646 853 203
2 608 882 545 274
2 814 874 278 97
2 140 520 586 183
2 438 530 102 220
3 48 294 324 175
2 198 482 171 316
3 592 16 111 121
2 315 369 850 177
2 47 369 505 151
3 303 540 636 134
3 123 516 829 236
2 458 923 248 240
2 338 677 924 23
3 744 232 724 259
3 628 720 877 187
3 576 522 557 238
3 640 227 525 291
3 809 169 511 92
2 452 807 449 253
2 699 755 111 131
2 155 384 431 224
3 447 339 365 67
1 157 324 478
1 472 77 429
1 868 82 284
2 219 473 874 427
2 324 326 621 200
1 648 376 425
3 868 579 628 266
2 585 806 236 156
3 237 818 836 78
3 196 879 880 6
3 191 665 799 239
3 249 250 549 107
3 537 118 292 197
2 386 918 199 227
2 50 80 618 323
3 462 63 191 256
2 167 449 716 231
2 607 886 127 238
3 175 751 926 190
2 784 906 66 239
1 616 626 288
2 397 507 664 135
2 123 521 676 113
2 317 911 209 219
3 681 31 440 55
2 410 461 615 204
3 838 208 450 200
3 64 179 655 347
2 291 362 488 185
2 34 418 884 202
3 203 330 767 309
2 88 488 584 229
2 439 889 898 102
3 485 100 139 225
2 71 158 15 176
3 588 50 119 281
2 559 904 404 352
2 425 906 260 270
2 613 826 858 194
2 797 897 52 121
1 691 613 452
1 95 559 581
1 713 118 490
2 226 281 879 187
3 235 357 798 307
2 339 700 232 98
2 178 495 881 201
2 74 645 913 278
2 643 700 826 186
2 837 886 493 270
2 336 598 123 210
3 873 72 572 127
3 574 581 885 200
3 283 632 901 209
1 541 56 370
2 760 837 591 351
3 564 499 545 116
1 806 388 210
3 215 404 536 184
3 373 546 768 195
2 404 628 202 279
2 697 731 677 159
2 529 921 263 180
2 155 199 538 185
1 122 150 203
3 124 257 471 185
3 589 323 338 104
3 1 616 724 457
3 253 644 890 107
3 286 424 514 128
2 450 805 922 303
3 514 521 775 253
3 825 141 155 272
3 694 56 641 97
2 815 877 727 112
1 505 778 470
3 717 381 426 227
1 564 267 415
1 72 128 424
2 394 912 14 166
2 538 847 206 270
2 361 602 103 113
1 652 440 436
2 349 609 155 103
3 326 158 178 97
2 294 486 58 157
3 867 68 103 136
2 104 551 609 278
2 575 784 354 303
2 538 633 712 296
2 146 255 498 172
3 582 705 928 112
3 811 115 685 240
3 710 6 573 277
2 71 623 644 164
1 828 662 367
3 444 5 244 241
3 783 49 633 389
3 625 654 738 102
2 609 743 481 122
2 208 637 117 250
3 44 432 443 131
1 292 675 381
1 793 223 440
2 452 550 292 70
2 385 856 276 175
2 523 787 499 203
2 577 777 410 219
3 888 454 808 298
2 499 511 856 91
3 400 451 825 246
2 482 918 414 181
1 365 115 294
2 477 579 266 125
2 174 208 620 142
3 619 10 413 137
3 612 674 754 88
3 311 543 774 354
3 217 226 241 127
3 880 213 485 255
2 447 519 199 139
2 563 596 560 89
1 737 69 380
2 409 679 267 181
2 171 505 925 393
3 461 252 457 326
1 517 305 427
2 396 803 13 279
2 181 569 33 251
3 753 48 189 371
2 560 569 715 84
1 216 621 387
3 665 446 477 161
3 486 174 273 133
3 330 10 210 323
2 213 786 888 298
3 668 380 579 83
3 283 670 727 172
3 515 774 904 303
3 124 531 622 130
2 354 612 707 231
2 484 665 172 283
2 718 788 848 315
3 703 745 784 250
3 506 848 864 33
1 455 188 364
2 283 439 528 302
2 829 836 792 43
2 308 659 301 306
2 357 559 48 179
2 356 555 168 168
3 35 44 768 176
3 609 33 517 303
2 464 672 877 231
2 519 853 26 210
3 848 778 807 279
2 737 781 54 169
1 664 851 327
2 392 639 677 205
2 576 687 474 266
2 692 797 264 209
3 341 588 736 162
3 295 302 431 23
3 336 444 669 89
3 478 122 151 286
3 657 60 603 46
2 454 915 216 130
2 360 384 626 126
1 747 192 415
1 483 814 337
3 367 374 493 157
3 96 232 416 163
3 759 95 391 156
3 330 714 723 224
1 90 766 318
3 381 527 745 187
2 760 793 278 80
2 585 693 390 130
3 121 267 380 230
3 711 11 280 272
1 93 664 326
2 47 115 442 194
2 150 404 633 407
2 679 744 288 213
2 428 645 73 175
3 137 219 667 270
2 211 638 739 166
3 705 477 655 62
2 135 566 775 81
2 368 635 835 135
2 581 884 912 249
3 881 891 895 204
2 624 808 604 174
2 243 380 727 154
3 534 154 386 289
2 432 623 132 199
3 347 271 344 151
1 536 455 344
2 560 642 507 436
3 68 207 799 165
2 140 152 564 222
2 523 861 167 304
3 549 130 295 196
1 574 649 425
3 549 663 836 203
3 211 563 836 174
2 64 70 228 185
3 222 628 713 231
2 81 505 735 124
2 230 313 174 159
2 791 851 651 147
3 625 250 553 123
2 87 126 496 294
2 362 518 881 182
3 493 516 775 319
3 790 375 518 257
2 529 544 464 36
2 178 237 796 186
3 806 107 197 247
3 206 598 838 270
3 655 314 601 290
3 400 467 899 246
3 741 74 628 241
2 379 416 162 119
3 784 13 197 301
2 465 498 868 269
3 315 486 792 277
1 477 343 461
3 927 224 800 103
3 673 1 101 168
3 497 710 713 47
1 549 880 334
2 570 794 328 270
3 66 367 551 217
2 330 434 650 193
3 79 129 463 137
3 546 227 403 204
3 280 669 712 132
2 186 355 627 242
3 39 50 177 155
2 190 477 526 149
3 124 150 790 192
2 496 664 680 194
1 552 497 475
3 581 582 667 272
3 565 633 670 274
3 686 91 678 332
3 759 485 520 47
2 327 813 212 79
1 449 732 283
2 694 780 509 334
3 298 603 624 162
3 860 153 624 120
1 455 485 252
3 697 210 596 271
2 103 377 537 197
3 753 445 507 265
3 131 431 749 188
3 855 472 737 221
3 499 33 187 221
2 92 127 230 276
3 285 592 752 131
2 333 412 698 183
3 311 274 284 300
1 461 524 295
3 90 735 805 288
2 359 690 792 103
3 435 100 372 291
3 756 222 360 333
2 456 524 176 128
2 691 844 677 231
2 611 907 514 253
2 659 714 548 189
2 129 513 12 321
3 499 398 498 177
3 223 358 571 120
2 437 543 733 66
2 139 196 709 76
2 491 653 326 174
1 224 717 451
3 497 171 272 242
2 785 916 396 366
2 34 450 604 192
2 794 805 916 316
2 250 341 577 244
2 152 476 571 97
3 601 264 452 259
2 306 447 116 241
1 495 526 471
3 813 12 572 327
2 202 689 196 240
3 539 69 492 275
2 3 239 626 261
2 805 918 400 242
2 203 672 133 124
3 588 155 330 256
1 256 316 549
3 384 171 335 281
2 116 381 34 125
3 626 231 284 189
3 377 604 789 200
1 627 217 323
2 335 848 333 137
2 520 744 303 186
3 215 285 487 203
2 54 187 248 258
3 675 294 631 178
2 234 827 856 224
3 132 270 378 254
1 542 234 300
2 243 440 464 147
3 661 113 337 296
2 676 901 595 180
3 658 702 726 222
2 221 865 155 129
2 131 219 826 204
3 15 29 523 204
2 626 833 344 255
2 271 402 649 206
3 223 401 494 120
3 745 184 731 123
2 250 596 141 192
3 844 378 749 287
3 749 509 701 136
3 853 374 381 91
3 95 294 406 87
3 642 729 819 10
2 243 864 164 305
2 296 714 289 279
2 33 352 541 249
2 383 915 209 219
2 729 740 397 118
2 542 740 402 141
2 45 552 658 312
2 349 405 229 102
3 814 95 767 164
2 670 770 907 174
3 15 46 496 204
3 31 174 637 293
3 394 642 695 207
2 32 97 370 178
3 923 350 659 239
3 500 43 67 263
2 495 805 353 167
3 233 527 543 135
3 308 55 69 277
3 61 294 358 325
2 394 614 386 39
2 490 547 390 24
2 550 885 218 132
2 83 279 504 163
3 569 12 149 190
3 500 377 480 219
3 846 33 760 315
2 153 217 497 232
2 58 493 693 225
3 662 260 412 167
2 80 310 883 333
3 583 279 458 211
2 318 478 516 90
2 438 447 236 17
2 539 884 527 378
2 534 795 45 248
1 736 904 492
3 173 368 821 122
3 787 448 700 191
2 498 851 249 114
2 700 921 308 259
2 461 693 265 285
2 812 894 610 99
2 606 636 182 140
2 259 278 666 137
3 555 823 854 132
1 434 423 450
2 804 832 325 325
2 137 807 18 235
2 638 768 816 198
3 129 586 731 109
3 106 663 868 110
2 28 425 645 247
2 628 749 360 186
2 511 706 322 294
2 244 284 608 118
3 470 115 432 81
2 311 812 50 128
3 633 223 386 407
3 831 66 196 253
2 193 459 516 109
3 753 97 516 346
1 922 176 372
2 339 407 257 164
3 633 337 472 388
2 344 628 776 205
3 91 372 407 265
2 68 698 854 205
3 160 270 507 223
2 204 885 32 167
2 437 881 24 427
3 433 189 272 140
2 363 363 859 35
3 197 550 798 183
1 53 537 407
1 399 737 427
2 501 675 203 299
3 687 197 528 159
3 744 129 238 256
3 156 210 862 69
3 325 820 833 291
3 490 661 905 239
3 644 648 756 143
2 203 600 608 165
3 101 584 798 128
2 349 878 323 298
2 65 329 651 201
3 366 613 735 146
3 731 320 639 216
2 855 922 247 256
1 797 497 353
2 77 397 486 185
3 773 478 544 216
2 507 615 438 274
2 791 902 71 266
3 721 368 466 140
3 132 749 835 261
3 268 34 203 429
1 7 422 475
3 751 75 375 160
1 321 430 545
3 288 823 905 246
3 432 315 408 64
2 233 283 162 123
1 21 179 524
1 311 705 440
3 750 293 360 248
2 546 864 204 230
2 555 686 273 196
2 600 786 525 191
1 811 164 314
2 305 858 128 376
2 263 800 58 183
3 408 474 862 133
2 276 641 197 176
2 271 627 175 183
2 170 207 539 195
3 8 543 627 213
2 382 728 195 256
2 580 794 458 286
3 131 844 906 194
1 646 572 404
3 902 227 403 225
3 874 141 376 427
2 452 720 792 103
2 138 437 669 124
3 548 183 189 83
2 366 379 342 18
3 441 61 408 284
2 171 760 821 90
2 10 306 459 242
3 247 428 575 198
2 362 389 82 185
2 359 535 63 226
2 385 506 270 169
2 225 371 596 291
3 540 187 190 39
2 228 812 863 137
2 56 208 639 254
2 9 313 758 18
2 120 705 96 163
3 174 186 572 159
2 869 891 393 246
3 430 545 621 116
2 594 621 565 188
3 425 669 737 267
3 320 202 243 50
1 696 852 216
2 480 486 784 151
2 397 434 624 162
3 740 234 278 206
3 104 472 732 214
2 102 587 653 192
1 697 326 337
3 279 289 384 141
3 103 489 873 139
2 15 352 650 237
3 632 705 797 114
2 212 271 488 156
2 168 368 35 151
3 773 368 634 306
2 291 447 265 269
2 409 551 365 301
2 476 744 310 220
2 28 838 893 344
2 737 751 462 112
3 841 260 555 179
2 791 880 402 115
2 346 652 701 234
3 843 287 316 161
2 424 484 818 184
3 603 497 591 169
3 320 411 830 129
2 780 817 735 95
2 190 340 891 231
2 599 796 326 184
2 45 318 808 232
2 88 311 563 214
3 514 86 263 243
2 297 351 99 161
2 531 673 807 165
3 787 26 87 219
1 824 559 388
2 253 299 303 189
2 521 733 761 156
2 482 503 794 48
2 525 546 647 135
1 835 129 558
1 181 157 404
2 94 104 287 261
2 508 802 443 345
3 129 210 457 112
3 764 13 383 263
1 318 236 566
2 300 322 625 100
2 405 442 334 256
2 327 521 322 278
3 399 732 794 245
3 489 616 784 330
3 592 611 766 103
3 468 476 799 424
3 782 703 732 151
1 809 128 416
2 267 378 430 171
2 82 124 268 381
3 45 700 887 248
3 587 9 104 329
1 289 692 280
2 130 506 112 227
3 501 46 293 291
3 612 662 741 88
3 467 199 424 121
3 604 89 347 167
3 317 575 741 200
3 187 219 722 201
2 316 405 138 375
2 713 894 928 105
2 424 468 129 93
1 290 818 621
3 754 19 634 204
3 169 303 477 221
2 309 422 251 126
2 402 495 899 381
1 676 256 470
3 852 304 756 288
3 862 220 409 302
3 514 313 330 212
2 501 567 341 110
2 371 508 606 201
2 5 374 530 252
2 56 97 252 195
2 146 227 64 285
2 321 524 688 130
3 437 449 476 94
1 201 534 302
2 273 306 517 181
2 392 478 38 104
2 540 667 688 146
2 56 345 354 321
3 187 517 573 146
3 112 346 568 208
3 461 275 432 326
3 839 19 425 161
3 582 24 506 130
3 781 55 722 423
2 186 278 743 88
3 858 197 729 187
2 99 211 347 148
2 714 851 432 105
2 497 788 122 283
2 75 108 866 53
2 285 459 829 354
2 369 681 233 243
2 315 435 527 352
3 512 556 607 192
2 591 858 374 242
3 164 299 853 305
3 256 93 122 271
3 500 684 797 245
2 307 379 477 250
2 48 117 857 295
2 674 899 286 154
3 628 341 524 161
3 329 22 48 181
2 159 168 607 48
2 273 291 92 250
3 292 571 622 67
1 521 165 365
3 384 583 848 288
2 572 826 848 315
2 751 894 404 352
3 517 641 831 188
3 925 274 862 400
3 434 149 310 166
3 491 516 865 372
3 866 658 836 163
2 129 205 401 274
2 62 86 886 177
2 889 927 565 280
2 127 617 658 287
2 417 674 72 81
2 216 788 99 191
3 332 365 567 245
3 618 648 659 277
2 426 707 36 304
2 18 827 832 249
2 379 531 541 205
2 207 592 156 62
2 97 330 398 280
2 423 896 147 370
2 156 526 96 163
3 32 605 813 167
2 588 911 236 156
3 204 735 927 230
2 435 715 77 279
3 879 193 211 67
3 17 248 912 251
3 840 527 729 214
3 343 126 317 132
3 203 387 706 299
2 288 291 311 347
2 573 852 136 214
3 503 11 121 300
2 424 503 186 303
3 512 41 348 301
2 422 435 446 351
2 509 762 329 270
2 223 855 207 216
2 283 326 441 259
3 148 392 774 279
2 824 854 455 289
3 874 188 584 427
3 872 65 537 343
3 367 494 900 183
2 542 548 440 62
3 285 460 678 131
3 236 520 695 146
2 245 474 184 257
3 359 740 832 305
3 6 262 462 287
2 714 786 246 290
3 723 300 603 119
2 394 574 699 103
2 378 459 657 2
1 727 809 454
3 37 39 336 357
2 236 490 775 81
2 23 69 652 108
2 654 747 10 116
3 358 178 293 65
2 630 881 366 156
3 722 303 630 120
3 218 500 652 122
2 615 798 39 137
2 225 876 27 305
2 474 502 859 112
1 674 334 358
2 529 688 107 328
3 779 150 719 240
1 543 358 545
3 400 777 890 210
3 526 799 802 13
3 15 201 271 127
2 369 674 793 144
2 685 737 264 137
2 490 684 194 298
1 72 418 541
2 194 556 794 179
2 215 703 135 25
2 563 825 269 404
2 463 626 730 193
2 142 230 769 281
3 880 62 696 280
2 538 902 529 118
3 874 594 782 434
3 60 379 832 228
3 650 707 724 138
1 261 394 419
2 348 399 46 140
3 913 330 754 275
2 123 212 537 194
3 488 825 928 211
3 331 423 883 226
3 472 491 802 120
2 576 705 409 48
3 201 287 392 233
3 624 63 344 206
2 354 772 29 255
3 881 136 670 201
3 511 207 259 222
3 607 56 509 168
2 386 877 245 276
2 557 572 77 185
2 587 625 926 42
3 710 512 537 143
3 317 331 416 152
1 480 336 488
1 757 776 501
1 287 372 294
2 505 592 611 189
2 436 726 169 237
2 409 921 379 240
3 444 654 660 195
2 7 81 517 206
1 332 306 444
2 473 707 393 285
3 687 125 177 156
2 579 627 101 37
1 61 724 475
2 560 793 59 91
2 305 369 472 79
2 775 868 459 188
3 249 365 485 88
2 418 744 789 56
2 117 408 595 173
2 611 917 249 114
3 518 25 375 236
1 469 269 290
2 333 430 855 205
3 7 391 691 156
2 382 456 518 192
2 146 202 670 128
3 827 725 790 393
3 631 52 323 404
2 114 407 716 231
2 171 208 446 290
3 650 40 168 237
2 331 541 779 221
2 46 131 676 138
2 477 561 55 134
3 401 518 707 274
3 609 689 850 285
2 222 257 703 191
2 210 614 137 270
2 582 591 446 286
3 219 832 864 181
2 166 264 520 318
2 352 686 907 164
1 811 271 326
2 80 237 633 404
3 143 407 652 220
3 306 373 590 54
2 77 308 536 156
3 603 54 213 249
3 377 98 356 193
2 496 670 402 141
3 636 114 133 127
2 177 415 471 221
2 762 853 18 199
2 36 508 774 299
1 377 22 509
2 655 761 454 336
3 464 671 900 154
3 926 25 443 151
2 126 383 103 132
3 358 284 325 65
3 813 155 491 302
3 762 4 643 207
2 283 503 668 102
3 162 254 574 170
2 16 54 917 44
2 679 789 871 399
3 523 618 793 260
2 50 284 343 157
3 130 157 415 216
2 590 601 328 179
3 43 573 741 79
3 140 153 673 3
3 757 653 723 78
3 831 130 792 235
2 218 515 539 275
3 274 295 558 351
3 596 107 119 268
2 4 101 299 378
3 651 95 479 176
2 591 677 460 98
3 207 640 830 216
1 876 370 614
3 228 534 546 41
1 66 178 355
2 727 820 521 289
2 766 841 117 221
3 729 758 837 181
2 403 480 880 236
3 811 24 399 265
3 260 850 874 221
1 302 864 368
3 647 243 371 246
1 692 270 349
3 353 479 792 167
3 658 157 465 287
3 17 410 892 251
2 167 535 634 203
3 258 144 164 70
3 79 256 392 137
3 581 63 493 300
3 910 150 400 275
3 541 11 178 249
2 314 850 307 92
3 500 360 379 89
3 787 664 750 164
3 63 492 673 242
2 124 499 857 270
2 612 865 560 180
3 262 354 504 302
3 582 354 417 54
2 271 612 635 145
3 764 53 402 263
3 698 70 617 234
2 266 712 187 201
2 542 911 328 270
1 334 262 256
2 709 764 63 252
3 579 655 743 246
3 91 477 479 39
3 744 523 691 256
2 142 233 362 183
2 77 243 827 383
2 357 587 86 301
3 92 621 859 257
3 453 729 816 293
3 371 530 788 276
3 12 211 920 328
3 490 135 290 232
2 672 705 630 253
2 530 666 347 148
1 264 611 378
2 570 823 548 226
3 597 8 356 127
2 187 200 154 201
2 343 773 268 411
2 475 583 191 177
1 644 251 405
3 516 150 464 109
2 500 551 218 16
2 116 565 863 130
2 511 533 462 122
2 563 581 186 225
3 707 86 270 247
2 388 730 79 134
3 510 686 837 372
2 134 659 667 31
2 248 499 18 228
2 785 813 725 297
3 524 79 421 203
3 574 407 458 174
2 804 893 227 96
1 349 338 262
3 287 364 725 368
3 730 358 630 229
1 510 162 317
2 605 873 448 341
1 33 447 441
2 258 320 86 320
2 557 772 54 169
3 878 28 512 397
3 787 292 686 191
2 388 421 242 251
1 683 208 392
3 319 448 694 169
2 134 403 529 111
3 726 541 673 208
3 784 183 774 283
3 656 265 555 137
3 459 47 151 242
2 64 76 458 304
3 150 446 637 251
3 66 213 334 236
2 330 801 89 310
3 248 721 901 240
2 128 284 17 241
3 845 67 499 352
2 41 414 922 321
2 757 812 488 215
2 429 924 160 230
3 500 6 85 263
2 16 372 418 252
3 101 658 804 128
3 713 672 705 362
3 577 398 460 225
2 50 439 704 360
2 16 312 843 186
2 907 918 785 248
2 517 645 654 81
2 340 381 154 272
3 412 738 857 204
2 413 492 891 212
